tempreature/J                              E                                     Cv                                    m                                  chi
5.000000000000e-01                    -4.249741336634e+00                    0.000000000000e+00                    1.000000000000e+00                    0.000000000000e+00                    
5.250000000000e-01                    -4.249750000000e+00                    2.418512613032e-04                    9.999999639964e-01                    0.000000000000e+00                    
5.500000000000e-01                    -4.250000000000e+00                    2.390541034296e-04                    9.999990189019e-01                    1.174672740666e-10                    
5.750000000000e-01                    -4.249994876238e+00                    0.000000000000e+00                    1.000000000000e+00                    9.290797194868e-12                    
6.000000000000e-01                    -4.249744232673e+00                    3.129778943241e-04                    9.999985508551e-01                    5.367503445874e-11                    
6.250000000000e-01                    -4.249973118812e+00                    2.874071169492e-04                    9.999966996700e-01                    1.625990141290e-10                    
6.500000000000e-01                    -4.249947772277e+00                    5.676401373805e-04                    9.999968736874e-01                    2.849816241802e-10                    
6.750000000000e-01                    -4.249948737624e+00                    1.151559282563e-03                    9.999906180618e-01                    6.464332800869e-10                    
7.000000000000e-01                    -4.249914282178e+00                    1.783814962119e-03                    9.999890189019e-01                    5.846301486334e-10                    
7.250000000000e-01                    -4.249859282178e+00                    2.566690537483e-03                    9.999830483048e-01                    7.504620847600e-10                    
7.500000000000e-01                    -4.249777001200e+00                    2.362574326840e-03                    9.999710351035e-01                    1.394455556911e-09                    
7.750000000000e-01                    -4.249694192169e+00                    3.027222341855e-03                    9.999612511251e-01                    2.151168689288e-09                    
8.000000000000e-01                    -4.249607376238e+00                    4.939226805676e-03                    9.999564866487e-01                    3.138091036255e-09                    
8.250000000000e-01                    -4.249417521752e+00                    5.690094645004e-03                    9.999463396340e-01                    4.310985280448e-09                    
8.500000000000e-01                    -4.249253261326e+00                    8.042162741122e-03                    9.999040144014e-01                    5.615718768955e-09                    
8.750000000000e-01                    -4.249099942244e+00                    1.008098976991e-02                    9.998634053405e-01                    6.668262556013e-09                    
9.000000000000e-01                    -4.248599862736e+00                    1.308233120542e-02                    9.998400930093e-01                    8.445659646004e-09                    
9.250000000000e-01                    -4.248309605461e+00                    1.623407876637e-02                    9.997984308431e-01                    1.069970290200e-08                    
9.500000000000e-01                    -4.247962933543e+00                    1.953672851122e-02                    9.997435013501e-01                    1.453500667463e-08                    
9.750000000000e-01                    -4.247240714071e+00                    2.323568199102e-02                    9.996843624362e-01                    1.763364667306e-08                    
1.000000000000e+00                    -4.246615748575e+00                    2.839659355899e-02                    9.995597719772e-01                    2.164776801336e-08                    
1.025000000000e+00                    -4.245910953345e+00                    3.312290228590e-02                    9.994510651065e-01                    2.405055486156e-08                    
1.050000000000e+00                    -4.244614340684e+00                    3.791167452181e-02                    9.993873807381e-01                    2.937882746693e-08                    
1.075000000000e+00                    -4.243622929793e+00                    4.423557545837e-02                    9.992160096010e-01                    3.579750786347e-08                    
1.100000000000e+00                    -4.242024152415e+00                    5.023413985578e-02                    9.990399099910e-01                    4.134432647218e-08                    
1.125000000000e+00                    -4.240403094809e+00                    6.042977466512e-02                    9.983539483948e-01                    5.035225057855e-08                    
1.150000000000e+00                    -4.239018286079e+00                    6.624747337066e-02                    9.986611971197e-01                    5.968971795462e-08                    
1.175000000000e+00                    -4.237115736574e+00                    7.461835575241e-02                    9.984266036604e-01                    6.827720708862e-08                    
1.200000000000e+00                    -4.235035699820e+00                    8.135557895169e-02                    9.982145214521e-01                    8.020678499340e-08                    
1.225000000000e+00                    -4.232767699520e+00                    9.213367808889e-02                    9.977922382238e-01                    9.291616873247e-08                    
1.250000000000e+00                    -4.230155913591e+00                    1.030934026826e-01                    9.974798949895e-01                    1.044824395163e-07                    
1.275000000000e+00                    -4.224955173267e+00                    1.130769232972e-01                    9.970889858986e-01                    1.207546340320e-07                    
1.300000000000e+00                    -4.224297738524e+00                    1.276077169806e-01                    9.966309510951e-01                    1.361250657184e-07                    
1.325000000000e+00                    -4.220742035704e+00                    1.344117774035e-01                    9.961192349235e-01                    1.536634021194e-07                    
1.350000000000e+00                    -4.215751027603e+00                    1.498675439078e-01                    9.956963066307e-01                    1.736096714430e-07                    
1.375000000000e+00                    -4.212913862886e+00                    1.688809576427e-01                    9.950852715272e-01                    2.004051914319e-07                    
1.400000000000e+00                    -4.206649022652e+00                    1.802447733580e-01                    9.945974167417e-01                    2.144503849633e-07                    
1.425000000000e+00                    -4.201685786079e+00                    1.983397598426e-01                    9.938414971497e-01                    2.466463450896e-07                    
1.450000000000e+00                    -4.195757915542e+00                    2.102544441726e-01                    9.932920102010e-01                    2.699604167882e-07                    
1.475000000000e+00                    -4.189819207171e+00                    2.296213821402e-01                    9.924130903090e-01                    3.041647682730e-07                    
1.500000000000e+00                    -4.183449739724e+00                    2.399079468767e-01                    9.913767896790e-01                    3.390955191776e-07                    
1.525000000000e+00                    -4.175357701020e+00                    2.634490783517e-01                    9.904851335134e-01                    3.705788202507e-07                    
1.550000000000e+00                    -4.167527639514e+00                    2.844651353494e-01                    9.896340204020e-01                    4.025594144049e-07                    
1.575000000000e+00                    -4.160678830633e+00                    3.013231600911e-01                    9.882959735974e-01                    4.507036616123e-07                    
1.600000000000e+00                    -4.152940838584e+00                    3.287547036944e-01                    9.870416891689e-01                    4.954513568039e-07                    
1.625000000000e+00                    -4.142905858836e+00                    3.400312315120e-01                    9.860191449145e-01                    5.324666662145e-07                    
1.650000000000e+00                    -4.131943273327e+00                    3.692595300289e-01                    9.845956615662e-01                    5.924453236904e-07                    
1.675000000000e+00                    -4.122458016052e+00                    3.908646802482e-01                    9.826022982298e-01                    6.520836931031e-07                    
1.700000000000e+00                    -4.112540024002e+00                    4.080848308328e-01                    9.815502460246e-01                    7.078929012178e-07                    
1.725000000000e+00                    -4.099210427543e+00                    4.364570072912e-01                    9.798447374737e-01                    7.723985949993e-07                    
1.750000000000e+00                    -4.089002999550e+00                    4.514704980351e-01                    9.777750375038e-01                    8.541301512355e-07                    
1.775000000000e+00                    -4.072628638614e+00                    4.802383968783e-01                    9.762005490549e-01                    9.358385408785e-07                    
1.800000000000e+00                    -4.058945620312e+00                    5.110743860905e-01                    9.739627572757e-01                    1.003586688737e-06                    
1.825000000000e+00                    -4.044338136814e+00                    5.346290238624e-01                    9.715499669967e-01                    1.091245684825e-06                    
1.850000000000e+00                    -4.029654837984e+00                    5.441507379949e-01                    9.698230543054e-01                    1.212750595055e-06                    
1.875000000000e+00                    -4.011291264626e+00                    5.962603118029e-01                    9.670014821482e-01                    1.299362618383e-06                    
1.900000000000e+00                    -3.996138810381e+00                    6.250378350807e-01                    9.644167596760e-01                    1.407791866135e-06                    
1.925000000000e+00                    -3.977016310381e+00                    6.529420432807e-01                    9.618288508851e-01                    1.520705317812e-06                    
1.950000000000e+00                    -3.957645066007e+00                    6.791673522233e-01                    9.590444644464e-01                    1.649946465773e-06                    
1.975000000000e+00                    -3.938427668017e+00                    7.139095347219e-01                    9.554466576658e-01                    1.833056980920e-06                    
2.000000000000e+00                    -3.916087172217e+00                    7.133118696424e-01                    9.525836813681e-01                    1.950575369645e-06                    
2.025000000000e+00                    -3.895643886139e+00                    7.571360456133e-01                    9.495720582058e-01                    2.117627765264e-06                    
2.050000000000e+00                    -3.877564251425e+00                    7.799697519809e-01                    9.455858085809e-01                    2.250158527604e-06                    
2.075000000000e+00                    -3.851804921992e+00                    8.142492256115e-01                    9.418176057606e-01                    2.479655406263e-06                    
2.100000000000e+00                    -3.828912767027e+00                    8.502954897534e-01                    9.374154575458e-01                    2.645319307626e-06                    
2.125000000000e+00                    -3.799555015752e+00                    8.786836664946e-01                    9.334983918392e-01                    2.842600429839e-06                    
2.150000000000e+00                    -3.777212944044e+00                    9.104092617342e-01                    9.292479747975e-01                    3.037129715929e-06                    
2.175000000000e+00                    -3.743048124812e+00                    9.449016341935e-01                    9.243485358536e-01                    3.377337188353e-06                    
2.200000000000e+00                    -3.714234183918e+00                    9.710335656739e-01                    9.193686798680e-01                    3.727947378428e-06                    
2.225000000000e+00                    -3.687425962346e+00                    1.012684532984e+00                    9.127407770777e-01                    3.711485662408e-06                    
2.250000000000e+00                    -3.659936567657e+00                    1.062293276281e+00                    9.089170627063e-01                    4.094935493612e-06                    
2.275000000000e+00                    -3.629028110561e+00                    1.103563334706e+00                    9.021239543954e-01                    4.534074040141e-06                    
2.300000000000e+00                    -3.593724896490e+00                    1.087934382839e+00                    8.977059885989e-01                    4.781163801686e-06                    
2.325000000000e+00                    -3.558418402340e+00                    1.124712992950e+00                    8.904787188719e-01                    5.139238938100e-06                    
2.350000000000e+00                    -3.522987306481e+00                    1.155373614091e+00                    8.816138043804e-01                    5.501355481536e-06                    
2.375000000000e+00                    -3.494177191719e+00                    1.181149296240e+00                    8.769763366337e-01                    5.880485874456e-06                    
2.400000000000e+00                    -3.448142942544e+00                    1.216466412265e+00                    8.684154365437e-01                    6.285726826730e-06                    
2.425000000000e+00                    -3.409303313831e+00                    1.249232106486e+00                    8.612066006601e-01                    6.653955141320e-06                    
2.450000000000e+00                    -3.369970569307e+00                    1.256255465350e+00                    8.542382598260e-01                    7.083784159057e-06                    
2.475000000000e+00                    -3.333636975698e+00                    1.291341396872e+00                    8.458906930693e-01                    7.702654651659e-06                    
2.500000000000e+00                    -3.288068637114e+00                    1.321749597721e+00                    8.375347614761e-01                    8.255053912968e-06                    
2.525000000000e+00                    -3.249382717522e+00                    1.339917202923e+00                    8.267126852685e-01                    8.658585959677e-06                    
2.550000000000e+00                    -3.208721238374e+00                    1.337624912702e+00                    8.197046924692e-01                    9.430252867145e-06                    
2.575000000000e+00                    -3.164708247075e+00                    1.373406685040e+00                    8.071354275428e-01                    9.882616664275e-06                    
2.600000000000e+00                    -3.118053751125e+00                    1.385159091139e+00                    7.993947074707e-01                    1.031845879077e-05                    
2.625000000000e+00                    -3.073861359136e+00                    1.416993718555e+00                    7.861418061806e-01                    1.080369190019e-05                    
2.650000000000e+00                    -3.019817086709e+00                    1.408110086929e+00                    7.784802880288e-01                    1.193229371017e-05                    
2.675000000000e+00                    -2.986391100360e+00                    1.432801764544e+00                    7.656163426343e-01                    1.245459645375e-05                    
2.700000000000e+00                    -2.931999723222e+00                    1.414583171345e+00                    7.569711851185e-01                    1.225679866618e-05                    
2.725000000000e+00                    -2.892233825383e+00                    1.413664818496e+00                    7.437823462346e-01                    1.408629834934e-05                    
2.750000000000e+00                    -2.843753944644e+00                    1.416588077007e+00                    7.341282988299e-01                    1.454951639875e-05                    
2.775000000000e+00                    -2.803407518752e+00                    1.422280811867e+00                    7.211225982598e-01                    1.489410727146e-05                    
2.800000000000e+00                    -2.750673049055e+00                    1.402528348590e+00                    7.071510651065e-01                    1.551046083565e-05                    
2.825000000000e+00                    -2.703233862886e+00                    1.384608978596e+00                    6.947602490249e-01                    1.620892485371e-05                    
2.850000000000e+00                    -2.655514884488e+00                    1.383219252773e+00                    6.803769036904e-01                    1.644214436900e-05                    
2.875000000000e+00                    -2.601682800030e+00                    1.375618269318e+00                    6.743502040204e-01                    1.707174402684e-05                    
2.900000000000e+00                    -2.570479863486e+00                    1.357519391929e+00                    6.591482718272e-01                    1.828575084999e-05                    
2.925000000000e+00                    -2.516259126163e+00                    1.348426960094e+00                    6.441882748275e-01                    1.846684984189e-05                    
2.950000000000e+00                    -2.474136073357e+00                    1.328706920276e+00                    6.305158415842e-01                    1.914882937503e-05                    
2.975000000000e+00                    -2.436168906391e+00                    1.297463425883e+00                    6.142664686469e-01                    1.937163730203e-05                    
3.000000000000e+00                    -2.379008281578e+00                    1.278330817068e+00                    6.056467206721e-01                    2.016904553744e-05                    
3.025000000000e+00                    -2.344563114311e+00                    1.256785654684e+00                    5.954617611761e-01                    2.029297548797e-05                    
3.050000000000e+00                    -2.295481449145e+00                    1.240192308419e+00                    5.781567686769e-01                    2.111908714677e-05                    
3.075000000000e+00                    -2.264196033603e+00                    1.215300361687e+00                    5.696254785479e-01                    2.130703997648e-05                    
3.100000000000e+00                    -2.206467213471e+00                    1.169024534228e+00                    5.556697959796e-01                    2.208564212668e-05                    
3.125000000000e+00                    -2.186594213171e+00                    1.165897056137e+00                    5.406690939094e-01                    2.156301263581e-05                    
3.150000000000e+00                    -2.142371744674e+00                    1.145703385383e+00                    5.323802280228e-01                    2.211437861172e-05                    
3.175000000000e+00                    -2.107824428443e+00                    1.093938859122e+00                    5.219771347135e-01                    2.224593006433e-05                    
3.200000000000e+00                    -2.064572393489e+00                    1.077233402217e+00                    5.098666156616e-01                    2.244324691310e-05                    
3.225000000000e+00                    -2.036007283228e+00                    1.052927511185e+00                    4.965513411341e-01                    2.269589801875e-05                    
3.250000000000e+00                    -1.994594776478e+00                    1.037027992573e+00                    4.845534293429e-01                    2.299425951482e-05                    
3.275000000000e+00                    -1.950584170417e+00                    9.948148535441e-01                    4.773562856286e-01                    2.350399220616e-05                    
3.300000000000e+00                    -1.932660078008e+00                    9.893011125612e-01                    4.662241554155e-01                    2.286862245104e-05                    
3.325000000000e+00                    -1.887232391989e+00                    9.494529872417e-01                    4.565321482148e-01                    2.285729546852e-05                    
3.350000000000e+00                    -1.865978360336e+00                    9.027382514386e-01                    4.484659555956e-01                    2.342555319175e-05                    
3.375000000000e+00                    -1.830208514101e+00                    9.058937890465e-01                    4.336011731173e-01                    2.327918216999e-05                    
3.400000000000e+00                    -1.806727055956e+00                    8.788548830822e-01                    4.249866876688e-01                    2.241078178589e-05                    
3.425000000000e+00                    -1.779439663216e+00                    8.489391413640e-01                    4.172554065407e-01                    2.232215623263e-05                    
3.450000000000e+00                    -1.743620465047e+00                    8.295384320364e-01                    4.101858625863e-01                    2.254637083591e-05                    
3.475000000000e+00                    -1.724667232223e+00                    8.106585935500e-01                    3.967347884788e-01                    2.300473346694e-05                    
3.500000000000e+00                    -1.694409084908e+00                    7.850044502450e-01                    3.905532553255e-01                    2.277622106575e-05                    
3.525000000000e+00                    -1.676498619862e+00                    7.617142229032e-01                    3.833712691269e-01                    2.322379418903e-05                    
3.550000000000e+00                    -1.647112973297e+00                    7.383457077621e-01                    3.780926042604e-01                    2.253961605400e-05                    
3.575000000000e+00                    -1.630230298530e+00                    7.202316046321e-01                    3.697339963996e-01                    2.212281386144e-05                    
3.600000000000e+00                    -1.602923955146e+00                    7.002594218123e-01                    3.622288988899e-01                    2.230540342403e-05                    
3.625000000000e+00                    -1.580002851035e+00                    6.840478585927e-01                    3.536569516952e-01                    2.245062180708e-05                    
3.650000000000e+00                    -1.562876908941e+00                    6.701529814734e-01                    3.464721212121e-01                    2.189908691053e-05                    
3.675000000000e+00                    -1.538514511701e+00                    6.427960630106e-01                    3.432133393339e-01                    2.169844039716e-05                    
3.700000000000e+00                    -1.515743166067e+00                    6.304923651216e-01                    3.383408190819e-01                    2.103173215665e-05                    
3.725000000000e+00                    -1.499007053705e+00                    6.153182738522e-01                    3.243972007201e-01                    2.137516613107e-05                    
3.750000000000e+00                    -1.479606239874e+00                    6.070451489019e-01                    3.228514581458e-01                    2.113928845435e-05                    
3.775000000000e+00                    -1.464103208071e+00                    5.884949185096e-01                    3.142768856886e-01                    2.075390923633e-05                    
3.800000000000e+00                    -1.442866443894e+00                    5.714186838774e-01                    3.111407080708e-01                    2.089346695930e-05                    
3.825000000000e+00                    -1.426408556856e+00                    5.494326471572e-01                    3.043841254125e-01                    2.059310094833e-05                    
3.850000000000e+00                    -1.409274438944e+00                    5.409715323888e-01                    3.023545904590e-01                    2.021859083911e-05                    
3.875000000000e+00                    -1.394110008251e+00                    5.314973028930e-01                    2.965381398140e-01                    1.979969068899e-05                    
3.900000000000e+00                    -1.379201267627e+00                    5.148146115891e-01                    2.912469216922e-01                    1.993210060947e-05                    
3.925000000000e+00                    -1.360125260276e+00                    5.067689359633e-01                    2.872372517252e-01                    1.973159144464e-05                    
3.950000000000e+00                    -1.343917812031e+00                    4.925206965041e-01                    2.813014701470e-01                    1.944512709307e-05                    
3.975000000000e+00                    -1.327464774227e+00                    4.802799412677e-01                    2.770319351935e-01                    1.901826170451e-05                    
4.000000000000e+00                    -1.319915644314e+00                    4.710127677239e-01                    2.740630783078e-01                    1.927039042003e-05                    
4.025000000000e+00                    -1.300713275578e+00                    4.593807776509e-01                    2.687202820282e-01                    1.863325238658e-05                    
4.050000000000e+00                    -1.287209085659e+00                    4.471930450246e-01                    2.655732673267e-01                    1.835819476219e-05                    
4.075000000000e+00                    -1.278440952595e+00                    4.450992630247e-01                    2.610832073207e-01                    1.830135574158e-05                    
4.100000000000e+00                    -1.260999962496e+00                    4.274684983295e-01                    2.589841104110e-01                    1.814278299486e-05                    
4.125000000000e+00                    -1.249520493549e+00                    4.207513707525e-01                    2.566546954695e-01                    1.759155060052e-05                    
4.150000000000e+00                    -1.234710580558e+00                    4.136465433516e-01                    2.517651725173e-01                    1.751878704474e-05                    
4.175000000000e+00                    -1.231221428893e+00                    4.071956314527e-01                    2.459264176418e-01                    1.749163799816e-05                    
4.200000000000e+00                    -1.219943001800e+00                    3.935029323381e-01                    2.455051305131e-01                    1.693907079455e-05                    
4.225000000000e+00                    -1.206307311731e+00                    3.903583600091e-01                    2.433392049205e-01                    1.712622506603e-05                    
4.250000000000e+00                    -1.192983446595e+00                    3.752472106017e-01                    2.392786018602e-01                    1.657795206578e-05                    
4.275000000000e+00                    -1.183721097360e+00                    3.676919386983e-01                    2.363399759976e-01                    1.654828933331e-05                    
4.300000000000e+00                    -1.167530357036e+00                    3.660004932619e-01                    2.345502280228e-01                    1.659355301408e-05                    
4.325000000000e+00                    -1.162646679418e+00                    3.554362684698e-01                    2.315582688269e-01                    1.618863327705e-05                    
4.350000000000e+00                    -1.145658935644e+00                    3.492782645963e-01                    2.274104140414e-01                    1.643462034547e-05                    
4.375000000000e+00                    -1.140946332133e+00                    3.460607320223e-01                    2.264604260426e-01                    1.610028245990e-05                    
4.400000000000e+00                    -1.133858358836e+00                    3.389563231211e-01                    2.241972937294e-01                    1.577324131519e-05                    
4.425000000000e+00                    -1.119490984098e+00                    3.329666152330e-01                    2.192122592259e-01                    1.521574443378e-05                    
4.450000000000e+00                    -1.111589278428e+00                    3.250497456177e-01                    2.185709390939e-01                    1.532951599900e-05                    
4.475000000000e+00                    -1.099693505101e+00                    3.174114856182e-01                    2.156440504050e-01                    1.527708531085e-05                    
4.500000000000e+00                    -1.094447269727e+00                    3.087700343828e-01                    2.125463396340e-01                    1.498223100062e-05                    
4.525000000000e+00                    -1.084781865437e+00                    3.046834517625e-01                    2.120850165017e-01                    1.490087253321e-05                    
4.550000000000e+00                    -1.072967054455e+00                    3.045690547587e-01                    2.092816711671e-01                    1.488133029975e-05                    
4.575000000000e+00                    -1.065693299580e+00                    2.962367317770e-01                    2.065417461746e-01                    1.440231025821e-05                    
4.600000000000e+00                    -1.063125650315e+00                    2.936738110049e-01                    2.045323462346e-01                    1.448817191107e-05                    
4.625000000000e+00                    -1.052077823282e+00                    2.863379269219e-01                    2.031488268827e-01                    1.427335426386e-05                    
4.650000000000e+00                    -1.043427731773e+00                    2.816824141796e-01                    2.019630633063e-01                    1.393919483889e-05                    
4.675000000000e+00                    -1.035799759976e+00                    2.790593081519e-01                    1.991942274227e-01                    1.378378384714e-05                    
4.700000000000e+00                    -1.024059282928e+00                    2.741247302557e-01                    1.979204860486e-01                    1.377355207993e-05                    
4.725000000000e+00                    -1.016403984398e+00                    2.687537079438e-01                    1.947305730573e-01                    1.362303116591e-05                    
4.750000000000e+00                    -1.010428712121e+00                    2.631096397373e-01                    1.934565076508e-01                    1.355767683968e-05                    
4.775000000000e+00                    -1.003822477498e+00                    2.595523444855e-01                    1.924157965797e-01                    1.323549495642e-05                    
4.800000000000e+00                    -9.945425555056e-01                    2.543427534307e-01                    1.891577077708e-01                    1.305882297994e-05                    
4.825000000000e+00                    -9.892929800480e-01                    2.529292455136e-01                    1.866910051005e-01                    1.310784254271e-05                    
4.850000000000e+00                    -9.832865789079e-01                    2.488786594973e-01                    1.872508550855e-01                    1.294625630073e-05                    
4.875000000000e+00                    -9.769419569457e-01                    2.465530767537e-01                    1.857815841584e-01                    1.286315075578e-05                    
4.900000000000e+00                    -9.672117461746e-01                    2.404762581088e-01                    1.831434983498e-01                    1.268132997109e-05                    
4.925000000000e+00                    -9.641016944194e-01                    2.349227023227e-01                    1.824078907891e-01                    1.256902265931e-05                    
4.950000000000e+00                    -9.543964573957e-01                    2.325913895214e-01                    1.804310111011e-01                    1.245692710109e-05                    
4.975000000000e+00                    -9.491967469247e-01                    2.316410339737e-01                    1.814183138314e-01                    1.229916078965e-05                    
5.000000000000e+00                    -9.421731323132e-01                    2.258715929817e-01                    1.781946474647e-01                    1.212582709924e-05                    
5.025000000000e+00                    -9.390240061506e-01                    2.267345291221e-01                    1.770230453045e-01                    1.198972135088e-05                    
5.050000000000e+00                    -9.315883483348e-01                    2.213411804512e-01                    1.766167356736e-01                    1.184352811576e-05                    
5.075000000000e+00                    -9.235195619562e-01                    2.176638507539e-01                    1.743655715572e-01                    1.179782593706e-05                    
5.100000000000e+00                    -9.199606038104e-01                    2.158743920184e-01                    1.741958085809e-01                    1.154217300680e-05                    
5.125000000000e+00                    -9.083539858986e-01                    2.091512720668e-01                    1.719593429343e-01                    1.144314200472e-05                    
5.150000000000e+00                    -9.052737031203e-01                    2.095007505414e-01                    1.707811461146e-01                    1.149962794916e-05                    
5.175000000000e+00                    -8.986318421842e-01                    2.064647611560e-01                    1.698273777378e-01                    1.138646798791e-05                    
5.200000000000e+00                    -8.941555745575e-01                    2.027698504706e-01                    1.712109600960e-01                    1.118684157230e-05                    
5.225000000000e+00                    -8.878102565257e-01                    2.002956845997e-01                    1.691263756376e-01                    1.102975574593e-05                    
5.250000000000e+00                    -8.842993061806e-01                    1.977764099106e-01                    1.670481968197e-01                    1.092401396889e-05                    
5.275000000000e+00                    -8.777649489949e-01                    1.957123846645e-01                    1.655138343834e-01                    1.077068544436e-05                    
5.300000000000e+00                    -8.707168571857e-01                    1.930819474586e-01                    1.649256405641e-01                    1.078045045617e-05                    
5.325000000000e+00                    -8.651767544254e-01                    1.904843768122e-01                    1.649775847585e-01                    1.077604800654e-05                    
5.350000000000e+00                    -8.630561776178e-01                    1.888618414250e-01                    1.626628622862e-01                    1.055036464611e-05                    
5.375000000000e+00                    -8.562828007801e-01                    1.854084072527e-01                    1.619259405941e-01                    1.051672127553e-05                    
5.400000000000e+00                    -8.527225517552e-01                    1.833612705240e-01                    1.614153105311e-01                    1.049392567033e-05                    
5.425000000000e+00                    -8.458198342334e-01                    1.814364565143e-01                    1.599088208821e-01                    1.033104091093e-05                    
5.450000000000e+00                    -8.417796452145e-01                    1.786491293577e-01                    1.599886108611e-01                    1.023758737581e-05                    
5.475000000000e+00                    -8.369758528353e-01                    1.774102925346e-01                    1.591762556256e-01                    1.006037371886e-05                    
5.500000000000e+00                    -8.328018196820e-01                    1.752044842454e-01                    1.580725592559e-01                    1.000350677416e-05                    
5.525000000000e+00                    -8.266922382238e-01                    1.714142313729e-01                    1.568101020102e-01                    1.005657158193e-05                    
5.550000000000e+00                    -8.231103165317e-01                    1.692969379740e-01                    1.560917701770e-01                    1.003708393838e-05                    
5.575000000000e+00                    -8.160073762376e-01                    1.670656673827e-01                    1.536297569757e-01                    9.876183806536e-06                    
5.600000000000e+00                    -8.138936483648e-01                    1.666148119722e-01                    1.545625742574e-01                    9.712752295481e-06                    
5.625000000000e+00                    -8.073959135914e-01                    1.625607286839e-01                    1.534445694569e-01                    9.573347598474e-06                    
5.650000000000e+00                    -8.044851462646e-01                    1.625866781003e-01                    1.528870507051e-01                    9.593038793488e-06                    
5.675000000000e+00                    -7.987578990399e-01                    1.588881974759e-01                    1.525896999700e-01                    9.404098313740e-06                    
5.700000000000e+00                    -7.986094816982e-01                    1.579443115540e-01                    1.501509270927e-01                    9.303141775703e-06                    
5.725000000000e+00                    -7.954016464146e-01                    1.566224977914e-01                    1.509466636664e-01                    9.332725981099e-06                    
5.750000000000e+00                    -7.854990624062e-01                    1.559102772261e-01                    1.499561866187e-01                    9.291429248447e-06                    
5.775000000000e+00                    -7.830033693369e-01                    1.519608653271e-01                    1.493653735374e-01                    9.155182299251e-06                    
5.800000000000e+00                    -7.790220912091e-01                    1.525527584419e-01                    1.494713441344e-01                    9.053552934889e-06                    
5.825000000000e+00                    -7.745738591359e-01                    1.487119481262e-01                    1.484017821782e-01                    8.981030734419e-06                    
5.850000000000e+00                    -7.714652250225e-01                    1.471049278774e-01                    1.475805400540e-01                    8.948726064787e-06                    
5.875000000000e+00                    -7.679849129913e-01                    1.469315156659e-01                    1.462905640564e-01                    8.866684299561e-06                    
5.900000000000e+00                    -7.620273522352e-01                    1.454917899324e-01                    1.447674917492e-01                    8.815225808230e-06                    
5.925000000000e+00                    -7.576350322532e-01                    1.429824341156e-01                    1.463503030303e-01                    8.753487009204e-06                    
5.950000000000e+00                    -7.555198912391e-01                    1.422873300779e-01                    1.446451065107e-01                    8.684447879395e-06                    
5.975000000000e+00                    -7.509167731773e-01                    1.401955743572e-01                    1.438720582058e-01                    8.529631168345e-06                    
6.000000000000e+00                    -7.458006165617e-01                    1.385226435505e-01                    1.428435733573e-01                    8.524626824879e-06                    
6.025000000000e+00                    -7.412960793579e-01                    1.383997369996e-01                    1.431386858686e-01                    8.501608203330e-06                    
6.050000000000e+00                    -7.396682343234e-01                    1.356807883041e-01                    1.426141974197e-01                    8.397566387847e-06                    
6.075000000000e+00                    -7.363127782778e-01                    1.349217170036e-01                    1.423821332133e-01                    8.383555636373e-06                    
6.100000000000e+00                    -7.331337871287e-01                    1.319171482318e-01                    1.414907440744e-01                    8.318420017549e-06                    
6.125000000000e+00                    -7.277233078308e-01                    1.312432694115e-01                    1.402961356136e-01                    8.249221873373e-06                    
6.150000000000e+00                    -7.278919306931e-01                    1.304404869408e-01                    1.408674617462e-01                    8.144360838870e-06                    
6.175000000000e+00                    -7.252589326433e-01                    1.288231453803e-01                    1.401404590459e-01                    8.102959646245e-06                    
6.200000000000e+00                    -7.191903480348e-01                    1.272429598990e-01                    1.375439873987e-01                    8.093714294457e-06                    
6.225000000000e+00                    -7.142062061206e-01                    1.271881619691e-01                    1.384862586259e-01                    7.966889081680e-06                    
6.250000000000e+00                    -7.115698627363e-01                    1.261073346351e-01                    1.373731563156e-01                    7.803009247373e-06                    
6.275000000000e+00                    -7.079792229223e-01                    1.233304475335e-01                    1.377044974497e-01                    7.844235039718e-06                    
6.300000000000e+00                    -7.038428405341e-01                    1.227944847218e-01                    1.374162946295e-01                    7.834056972468e-06                    
6.325000000000e+00                    -7.036744051905e-01                    1.221554516155e-01                    1.364416201620e-01                    7.762242590137e-06                    
6.350000000000e+00                    -6.988028022802e-01                    1.204140487603e-01                    1.353327752775e-01                    7.678997151180e-06                    
6.375000000000e+00                    -6.964740316532e-01                    1.204751645370e-01                    1.353232703270e-01                    7.629579892741e-06                    
6.400000000000e+00                    -6.929078052805e-01                    1.183070085642e-01                    1.355658265827e-01                    7.535000838560e-06                    
6.425000000000e+00                    -6.890354477948e-01                    1.172408897547e-01                    1.339204410441e-01                    7.524837529706e-06                    
6.450000000000e+00                    -6.844695574557e-01                    1.160868342259e-01                    1.343263216322e-01                    7.476119743988e-06                    
6.475000000000e+00                    -6.828109750975e-01                    1.144023207116e-01                    1.333342604260e-01                    7.470829043432e-06                    
6.500000000000e+00                    -6.784143466847e-01                    1.136492115630e-01                    1.341766636664e-01                    7.414744611302e-06                    
6.525000000000e+00                    -6.783632478248e-01                    1.128917122728e-01                    1.330110831083e-01                    7.338124701697e-06                    
6.550000000000e+00                    -6.719879395440e-01                    1.108960166128e-01                    1.323617851785e-01                    7.300977989568e-06                    
6.575000000000e+00                    -6.686049542454e-01                    1.097041232237e-01                    1.316986258626e-01                    7.227269757014e-06                    
6.600000000000e+00                    -6.678482013201e-01                    1.099958300091e-01                    1.321873717372e-01                    7.145357056189e-06                    
6.625000000000e+00                    -6.642535981098e-01                    1.080268636644e-01                    1.314262976298e-01                    7.122508893329e-06                    
6.650000000000e+00                    -6.609293819382e-01                    1.070638719631e-01                    1.310110261026e-01                    7.016072874005e-06                    
6.675000000000e+00                    -6.562624467447e-01                    1.071727890266e-01                    1.306085658566e-01                    7.082452281447e-06                    
6.700000000000e+00                    -6.563573252325e-01                    1.049815877121e-01                    1.304704950495e-01                    6.992438768522e-06                    
6.725000000000e+00                    -6.521551507651e-01                    1.051040765097e-01                    1.304395409541e-01                    6.965046398643e-06                    
6.750000000000e+00                    -6.503690766577e-01                    1.046004846780e-01                    1.295218871887e-01                    6.828596051764e-06                    
6.775000000000e+00                    -6.475531015602e-01                    1.031847901455e-01                    1.290453675368e-01                    6.960642699069e-06                    
6.800000000000e+00                    -6.460320897090e-01                    1.021021543375e-01                    1.289409360936e-01                    6.767777153476e-06                    
6.825000000000e+00                    -6.408637796280e-01                    1.014446809096e-01                    1.284026342634e-01                    6.775205374307e-06                    
6.850000000000e+00                    -6.392222217222e-01                    1.003390351279e-01                    1.277802790279e-01                    6.742150920184e-06                    
6.875000000000e+00                    -6.360941891689e-01                    9.959300175842e-02                    1.272727872787e-01                    6.691604659270e-06                    
6.900000000000e+00                    -6.355445769577e-01                    9.863154379443e-02                    1.273801200120e-01                    6.687067979069e-06                    
6.925000000000e+00                    -6.305271737174e-01                    9.783771961608e-02                    1.256948304830e-01                    6.582728238724e-06                    
6.950000000000e+00                    -6.290242229223e-01                    9.639886690818e-02                    1.267581788179e-01                    6.578979025696e-06                    
6.975000000000e+00                    -6.261060951095e-01                    9.618176975430e-02                    1.260141164116e-01                    6.510974766437e-06                    
7.000000000000e+00                    -6.224930618062e-01                    9.552142988781e-02                    1.262784788479e-01                    6.527136726505e-06                    
7.025000000000e+00                    -6.205259090909e-01                    9.530844607989e-02                    1.252986468647e-01                    6.441592440854e-06                    
7.050000000000e+00                    -6.198432620762e-01                    9.367028534257e-02                    1.253053855386e-01                    6.339656906534e-06                    
7.075000000000e+00                    -6.155179155416e-01                    9.324280811801e-02                    1.254893219322e-01                    6.432122744686e-06                    
7.100000000000e+00                    -6.144660853585e-01                    9.182608228313e-02                    1.246296369637e-01                    6.426088296549e-06                    
7.125000000000e+00                    -6.108125825083e-01                    9.214997984222e-02                    1.246558865887e-01                    6.311365784927e-06                    
7.150000000000e+00                    -6.098739573957e-01                    9.016437290259e-02                    1.239151215122e-01                    6.278232931600e-06                    
7.175000000000e+00                    -6.065009593459e-01                    8.952051809596e-02                    1.243529762976e-01                    6.202276308369e-06                    
7.200000000000e+00                    -6.033057575758e-01                    8.958447100301e-02                    1.228673687369e-01                    6.126438802496e-06                    
7.225000000000e+00                    -6.006758123312e-01                    8.859685108805e-02                    1.221573207321e-01                    6.122746719840e-06                    
7.250000000000e+00                    -6.004536558656e-01                    8.753927270120e-02                    1.235069336934e-01                    6.122760451544e-06                    
7.275000000000e+00                    -5.954969441944e-01                    8.712562402951e-02                    1.221981188119e-01                    6.080603007301e-06                    
7.300000000000e+00                    -5.954794726973e-01                    8.641683919283e-02                    1.222091599160e-01                    6.048632694903e-06                    
7.325000000000e+00                    -5.929728615362e-01                    8.573819824899e-02                    1.223556555656e-01                    6.009865753415e-06                    
7.350000000000e+00                    -5.911459338434e-01                    8.489951769878e-02                    1.218414491449e-01                    5.955170298932e-06                    
7.375000000000e+00                    -5.847298769877e-01                    8.429666537981e-02                    1.222199099910e-01                    5.926378987103e-06                    
7.400000000000e+00                    -5.834851740174e-01                    8.377051295111e-02                    1.210722832283e-01                    5.954688048815e-06                    
7.425000000000e+00                    -5.846918316832e-01                    8.302450310289e-02                    1.210588598860e-01                    5.842315782685e-06                    
7.450000000000e+00                    -5.814933055806e-01                    8.259592646243e-02                    1.209784128413e-01                    5.873419549870e-06                    
7.475000000000e+00                    -5.783524399940e-01                    8.173554583688e-02                    1.211674827483e-01                    5.775892973082e-06                    
