tempreature                            E                                     Cv                                    S
1.500000000000e+00                    -7.091703369141e+00                    4.194893896484e-01                    -5.596519292341e+00                    
1.600000000000e+00                    -7.069258483887e+00                    4.031659254456e-01                    -5.326693628529e+00                    
1.700000000000e+00                    -7.086219207764e+00                    4.178242885455e-01                    -5.041058537027e+00                    
1.800000000000e+00                    -7.044552398682e+00                    3.942760173882e-01                    -4.844344284699e+00                    
1.900000000000e+00                    -7.044089294434e+00                    4.227415693102e-01                    -4.568409652020e+00                    
2.000000000000e+00                    -7.018460327148e+00                    4.394703193359e-01                    -4.331415260508e+00                    
2.100000000000e+00                    -7.022924713135e+00                    4.420590343657e-01                    -4.160561707307e+00                    
2.200000000000e+00                    -6.997660339355e+00                    4.724765652743e-01                    -3.930521830288e+00                    
2.300000000000e+00                    -6.953401733398e+00                    5.306185770848e-01                    -3.656929971380e+00                    
2.400000000000e+00                    -6.917938171387e+00                    5.382962988281e-01                    -3.501820367184e+00                    
2.500000000000e+00                    -6.891800354004e+00                    6.076514670899e-01                    -3.254873947903e+00                    
2.600000000000e+00                    -6.818314788818e+00                    6.770055910081e-01                    -3.012504512529e+00                    
2.700000000000e+00                    -6.816381683350e+00                    7.173003423394e-01                    -2.856846447237e+00                    
2.800000000000e+00                    -6.753313690186e+00                    7.848582143729e-01                    -2.654149942641e+00                    
2.900000000000e+00                    -6.696177612305e+00                    8.747051105368e-01                    -2.442895228820e+00                    
3.000000000000e+00                    -6.634136688232e+00                    9.505581997070e-01                    -2.262084784383e+00                    
3.100000000000e+00                    -6.572065856934e+00                    1.034421834599e+00                    -2.086178587452e+00                    
3.200000000000e+00                    -6.511227264404e+00                    1.131867550430e+00                    -1.910889552111e+00                    
3.300000000000e+00                    -6.452119659424e+00                    1.248966496360e+00                    -1.732871369171e+00                    
3.400000000000e+00                    -6.363786560059e+00                    1.368163197309e+00                    -1.558232821066e+00                    
3.500000000000e+00                    -6.278428039551e+00                    1.423395531180e+00                    -1.440791346390e+00                    
3.600000000000e+00                    -6.163633789062e+00                    1.533125304905e+00                    -1.284812162053e+00                    
3.700000000000e+00                    -6.045005218506e+00                    1.668218718592e+00                    -1.122028772597e+00                    
3.800000000000e+00                    -5.960748443604e+00                    1.729327604980e+00                    -1.020885346157e+00                    
3.900000000000e+00                    -5.821558654785e+00                    1.837830471004e+00                    -8.841215632815e-01                    
4.000000000000e+00                    -5.709994110107e+00                    1.887355401611e+00                    -7.923219367383e-01                    
4.100000000000e+00                    -5.593271331787e+00                    2.052040646079e+00                    -6.453777848048e-01                    
4.200000000000e+00                    -5.458819702148e+00                    2.093999735863e+00                    -5.606429903935e-01                    
4.300000000000e+00                    -5.322427734375e+00                    2.160983221294e+00                    -4.672105785455e-01                    
4.400000000000e+00                    -5.152517547607e+00                    2.246574426658e+00                    -3.616201363358e-01                    
4.500000000000e+00                    -5.033737060547e+00                    2.266254983127e+00                    -3.004795537499e-01                    
4.600000000000e+00                    -4.879920227051e+00                    2.385015116869e+00                    -1.916467606418e-01                    
4.700000000000e+00                    -4.720113586426e+00                    2.325383900796e+00                    -1.603943424430e-01                    
4.800000000000e+00                    -4.594411834717e+00                    2.345554281972e+00                    -1.046473906861e-01                    
4.900000000000e+00                    -4.459361755371e+00                    2.411971899663e+00                    -2.962919905224e-02                    
5.000000000000e+00                    -4.310377838135e+00                    2.383066005469e+00                    6.312328582245e-03                    
5.100000000000e+00                    -4.199394775391e+00                    2.417248753064e+00                    5.921927425960e-02                    
5.200000000000e+00                    -4.062777313232e+00                    2.406365153151e+00                    9.681404429621e-02                    
5.300000000000e+00                    -3.934634338379e+00                    2.416992377469e+00                    1.401401105706e-01                    
5.400000000000e+00                    -3.837621582031e+00                    2.422158480315e+00                    1.739884133072e-01                    
5.500000000000e+00                    -3.727486022949e+00                    2.356189886586e+00                    1.793211281190e-01                    
5.600000000000e+00                    -3.625881744385e+00                    2.291679541539e+00                    1.818060900689e-01                    
5.700000000000e+00                    -3.533366149902e+00                    2.357912980829e+00                    2.378880994010e-01                    
5.800000000000e+00                    -3.435145782471e+00                    2.240813970063e+00                    2.145726651341e-01                    
5.900000000000e+00                    -3.366451385498e+00                    2.294617222466e+00                    2.599810614125e-01                    
6.000000000000e+00                    -3.266808654785e+00                    2.219499809163e+00                    2.528137501793e-01                    
6.100000000000e+00                    -3.191496734619e+00                    2.253796568984e+00                    2.894199722067e-01                    
6.200000000000e+00                    -3.123020172119e+00                    2.222438173395e+00                    2.948919385371e-01                    
6.300000000000e+00                    -3.043437713623e+00                    2.176804593680e+00                    2.947726674064e-01                    
6.400000000000e+00                    -2.977238311768e+00                    2.163699293404e+00                    3.066259064290e-01                    
6.500000000000e+00                    -2.914140411377e+00                    2.127595078651e+00                    3.066629767265e-01                    
6.600000000000e+00                    -2.833796508789e+00                    2.148373383271e+00                    3.353478824865e-01                    
6.700000000000e+00                    -2.788392425537e+00                    2.070477973123e+00                    3.116015115523e-01                    
6.800000000000e+00                    -2.740367645264e+00                    2.078515408505e+00                    3.286586510136e-01                    
6.900000000000e+00                    -2.691228271484e+00                    2.072654103190e+00                    3.387968786226e-01                    
7.000000000000e+00                    -2.649313690186e+00                    2.056479980120e+00                    3.425223894005e-01                    
7.100000000000e+00                    -2.597530364990e+00                    1.953167308401e+00                    3.036029684277e-01                    
7.200000000000e+00                    -2.551514099121e+00                    1.949224743618e+00                    3.130547679384e-01                    
7.300000000000e+00                    -2.505441436768e+00                    1.967259075476e+00                    3.334300859813e-01                    
7.400000000000e+00                    -2.457409240723e+00                    1.928803907966e+00                    3.248177441678e-01                    
7.500000000000e+00                    -2.419536407471e+00                    1.868850153939e+00                    3.027184964723e-01                    
7.600000000000e+00                    -2.373735198975e+00                    1.872195393291e+00                    3.147781705542e-01                    
7.700000000000e+00                    -2.337747711182e+00                    1.854230806520e+00                    3.138663516517e-01                    
7.800000000000e+00                    -2.303898590088e+00                    1.837853399032e+00                    3.132266455027e-01                    
7.900000000000e+00                    -2.261761688232e+00                    1.809554196716e+00                    3.067815669062e-01                    
8.000000000000e+00                    -2.223301055908e+00                    1.758206263947e+00                    2.863814891443e-01                    
8.100000000000e+00                    -2.189928741455e+00                    1.750276571422e+00                    2.894122432415e-01                    
8.200000000000e+00                    -2.159779632568e+00                    1.699034581537e+00                    2.666724364669e-01                    
8.300000000000e+00                    -2.136917449951e+00                    1.731385890849e+00                    2.914622470530e-01                    
8.400000000000e+00                    -2.103282806396e+00                    1.689066969488e+00                    2.737854771322e-01                    
8.500000000000e+00                    -2.068896087646e+00                    1.708669854033e+00                    2.923156649601e-01                    
8.600000000000e+00                    -2.044050964355e+00                    1.624585879531e+00                    2.475725952455e-01                    
8.700000000000e+00                    -2.013208892822e+00                    1.632142369651e+00                    2.584901680290e-01                    
8.800000000000e+00                    -1.986358489990e+00                    1.598635378501e+00                    2.434278212120e-01                    
8.900000000000e+00                    -1.962943695068e+00                    1.656586007368e+00                    2.842033911938e-01                    
9.000000000000e+00                    -1.936095764160e+00                    1.573733821832e+00                    2.383292747385e-01                    
9.100000000000e+00                    -1.922298400879e+00                    1.573526414433e+00                    2.420776419233e-01                    
9.200000000000e+00                    -1.882808837891e+00                    1.555643634219e+00                    2.372362381206e-01                    
9.300000000000e+00                    -1.858443786621e+00                    1.533355670862e+00                    2.276259174460e-01                    
9.400000000000e+00                    -1.844022399902e+00                    1.519665683983e+00                    2.223177701847e-01                    
9.500000000000e+00                    -1.811261016846e+00                    1.509412855417e+00                    2.210616833332e-01                    
9.600000000000e+00                    -1.796274993896e+00                    1.489261798248e+00                    2.111685812396e-01                    
9.700000000000e+00                    -1.777382537842e+00                    1.463965829248e+00                    1.979137614092e-01                    
9.800000000000e+00                    -1.752147308350e+00                    1.464126462751e+00                    2.024682518007e-01                    
9.900000000000e+00                    -1.729825042725e+00                    1.429924313077e+00                    1.828917126575e-01                    
1.000000000000e+01                    -1.715913665771e+00                    1.416077744092e+00                    1.762995312068e-01                    
1.010000000000e+01                    -1.693270599365e+00                    1.404719157957e+00                    1.721868408375e-01                    
1.020000000000e+01                    -1.676712524414e+00                    1.394018742412e+00                    1.678071764822e-01                    
1.030000000000e+01                    -1.653606475830e+00                    1.356424046714e+00                    1.443075414056e-01                    
1.040000000000e+01                    -1.634913543701e+00                    1.387595156626e+00                    1.703689202828e-01                    
1.050000000000e+01                    -1.620858642578e+00                    1.368351273786e+00                    1.592390755524e-01                    
1.060000000000e+01                    -1.597371765137e+00                    1.357973373954e+00                    1.552979725948e-01                    
1.070000000000e+01                    -1.592388916016e+00                    1.325308194158e+00                    1.328236377355e-01                    
1.080000000000e+01                    -1.576151184082e+00                    1.298883621125e+00                    1.155652180954e-01                    
1.090000000000e+01                    -1.551759429932e+00                    1.299995574156e+00                    1.199976095139e-01                    
1.100000000000e+01                    -1.538091888428e+00                    1.280599775368e+00                    1.075020073798e-01                    
1.110000000000e+01                    -1.518439666748e+00                    1.303895155502e+00                    1.285596916761e-01                    
1.120000000000e+01                    -1.503444335937e+00                    1.265126033282e+00                    1.009356468463e-01                    
1.130000000000e+01                    -1.492602813721e+00                    1.258186428957e+00                    9.758259744103e-02                    
1.140000000000e+01                    -1.475897155762e+00                    1.252573143632e+00                    9.573528759487e-02                    
1.150000000000e+01                    -1.461619903564e+00                    1.232957048128e+00                    8.231800539934e-02                    
1.160000000000e+01                    -1.449634185791e+00                    1.222909241922e+00                    7.626418027419e-02                    
1.170000000000e+01                    -1.430816711426e+00                    1.202507839689e+00                    6.211721585111e-02                    
1.180000000000e+01                    -1.426605773926e+00                    1.204829473898e+00                    6.543924709024e-02                    
1.190000000000e+01                    -1.406707092285e+00                    1.166936928280e+00                    3.617162578744e-02                    
1.200000000000e+01                    -1.404671905518e+00                    1.187288261556e+00                    5.461594284367e-02                    
1.210000000000e+01                    -1.385675170898e+00                    1.167387710829e+00                    4.024991760840e-02                    
1.220000000000e+01                    -1.371091247559e+00                    1.135617993884e+00                    1.479246226910e-02                    
1.230000000000e+01                    -1.358471282959e+00                    1.167365044342e+00                    4.430429041559e-02                    
1.240000000000e+01                    -1.346922637939e+00                    1.131001698589e+00                    1.448090559742e-02                    
1.250000000000e+01                    -1.336800323486e+00                    1.121392433008e+00                    7.627130997498e-03                    
1.260000000000e+01                    -1.327190063477e+00                    1.125237796611e+00                    1.266184336529e-02                    
1.270000000000e+01                    -1.318540374756e+00                    1.113555820216e+00                    3.736260120723e-03                    
1.280000000000e+01                    -1.302079528809e+00                    1.104004645576e+00                    -2.780807392413e-03                    
1.290000000000e+01                    -1.282591766357e+00                    1.085812944960e+00                    -1.709675385543e-02                    
1.300000000000e+01                    -1.278176696777e+00                    1.095283164513e+00                    -7.308356800682e-03                    
1.310000000000e+01                    -1.269896942139e+00                    1.059619119845e+00                    -3.902917522128e-02                    
1.320000000000e+01                    -1.255069152832e+00                    1.087676954993e+00                    -1.103680844799e-02                    
1.330000000000e+01                    -1.251839996338e+00                    1.080812044357e+00                    -1.641065646639e-02                    
1.340000000000e+01                    -1.237411590576e+00                    1.053143541697e+00                    -4.056460778766e-02                    
1.350000000000e+01                    -1.231418853760e+00                    1.048331629973e+00                    -4.401623473344e-02                    
1.360000000000e+01                    -1.217054718018e+00                    1.035399767079e+00                    -5.470171697308e-02                    
1.370000000000e+01                    -1.214563995361e+00                    1.034590625178e+00                    -5.464848898532e-02                    
1.380000000000e+01                    -1.198157287598e+00                    9.973230111739e-01                    -8.950357022317e-02                    
1.390000000000e+01                    -1.195015594482e+00                    1.021092149755e+00                    -6.509955540480e-02                    
1.400000000000e+01                    -1.189030334473e+00                    1.002848645054e+00                    -8.208614282258e-02                    
1.410000000000e+01                    -1.179307281494e+00                    1.005390606421e+00                    -7.826268518372e-02                    
1.420000000000e+01                    -1.165747680664e+00                    9.838495961536e-01                    -9.837715013898e-02                    
1.430000000000e+01                    -1.152545379639e+00                    9.762804748450e-01                    -1.046029410807e-01                    
1.440000000000e+01                    -1.139772277832e+00                    9.813802387153e-01                    -9.794614396709e-02                    
1.450000000000e+01                    -1.139563720703e+00                    9.697178689049e-01                    -1.093407080186e-01                    
1.460000000000e+01                    -1.135540588379e+00                    9.749590119161e-01                    -1.031366005571e-01                    
1.470000000000e+01                    -1.119774200439e+00                    9.550215525351e-01                    -1.221964863327e-01                    
1.480000000000e+01                    -1.113977630615e+00                    9.565464179622e-01                    -1.196947211322e-01                    
1.490000000000e+01                    -1.104231506348e+00                    9.391700754870e-01                    -1.368681891909e-01                    
1.500000000000e+01                    -1.090690490723e+00                    9.139408428874e-01                    -1.627021323221e-01                    
