tempreature/J                              E                                     Cv                                    m                                  chi
5.000000000000e-01                    -3.990749738974e+00                    1.145882520565e-02                    9.926263936394e-01                    2.266032185179e-10                    
5.250000000000e-01                    -3.991970513051e+00                    4.925993606608e-04                    9.954378937894e-01                    4.703939666612e-08                    
5.500000000000e-01                    -3.990265130513e+00                    1.005777727835e-02                    9.886211161116e-01                    4.782496120521e-08                    
5.750000000000e-01                    -3.990269558956e+00                    9.712758205288e-03                    9.943466996700e-01                    1.187567619918e-08                    
6.000000000000e-01                    -3.994241920192e+00                    1.935985817804e-03                    9.916349354935e-01                    8.535490752812e-08                    
6.250000000000e-01                    -3.990261326133e+00                    2.973446596864e-03                    9.909559165917e-01                    1.026567833382e-07                    
6.500000000000e-01                    -3.986631935194e+00                    3.053883475150e-03                    9.847105520552e-01                    2.820648323918e-07                    
6.750000000000e-01                    -3.990724020402e+00                    3.414835124877e-02                    9.881045424542e-01                    3.206530612722e-07                    
7.000000000000e-01                    -3.984244584458e+00                    2.370154717119e-02                    9.880921602160e-01                    5.265902457545e-07                    
7.250000000000e-01                    -3.990407296730e+00                    9.632674875651e-03                    9.903212451245e-01                    6.350661528796e-07                    
7.500000000000e-01                    -3.986506654665e+00                    1.816520644043e-02                    9.850392229223e-01                    5.966548564844e-07                    
7.750000000000e-01                    -3.983276387639e+00                    4.310108114863e-02                    9.883683588359e-01                    7.561549898484e-07                    
8.000000000000e-01                    -3.980271731173e+00                    3.947256791385e-02                    9.897959615962e-01                    1.047183680563e-06                    
8.250000000000e-01                    -3.979428394839e+00                    3.088749650017e-02                    9.882760966097e-01                    6.715306508682e-07                    
8.500000000000e-01                    -3.986721584158e+00                    6.226709911078e-02                    9.878273507351e-01                    6.419437158397e-07                    
8.750000000000e-01                    -3.987500882088e+00                    4.883002692025e-02                    9.873038793879e-01                    9.313311035337e-07                    
9.000000000000e-01                    -3.980968076808e+00                    6.232092909150e-02                    9.884987248725e-01                    1.396469067146e-06                    
9.250000000000e-01                    -3.982786810681e+00                    6.393029656893e-02                    9.914450315031e-01                    7.996983886936e-07                    
9.500000000000e-01                    -3.989161080108e+00                    5.732210668999e-02                    9.886086588659e-01                    9.410613559302e-07                    
9.750000000000e-01                    -3.983242016202e+00                    7.568554031996e-02                    9.886156975698e-01                    8.029378334403e-07                    
1.000000000000e+00                    -3.985177221722e+00                    9.478438565728e-02                    9.911034353435e-01                    1.083055723118e-06                    
1.025000000000e+00                    -3.983823498350e+00                    9.440887481578e-02                    9.860463246325e-01                    1.162416114275e-06                    
1.050000000000e+00                    -3.981462982298e+00                    8.759360836002e-02                    9.928102490249e-01                    1.292045624425e-06                    
1.075000000000e+00                    -3.978527308731e+00                    9.555960785173e-02                    9.932067176718e-01                    9.948815771110e-07                    
1.100000000000e+00                    -3.981313927393e+00                    1.195467126958e-01                    9.955116051605e-01                    1.100915023740e-06                    
1.125000000000e+00                    -3.977816789679e+00                    9.857995921866e-02                    9.944435883588e-01                    1.014236338393e-06                    
1.150000000000e+00                    -3.977884320432e+00                    1.284320317637e-01                    9.928732403240e-01                    7.147323289303e-07                    
1.175000000000e+00                    -3.974531173117e+00                    1.404440553261e-01                    9.952130033003e-01                    7.745144329464e-07                    
1.200000000000e+00                    -3.972333741374e+00                    1.513486100485e-01                    9.919178487849e-01                    5.748617851407e-07                    
1.225000000000e+00                    -3.969865370537e+00                    1.460341167225e-01                    9.931041164116e-01                    3.328205199315e-07                    
1.250000000000e+00                    -3.966477083708e+00                    1.552490852135e-01                    9.951594839484e-01                    8.342485534013e-07                    
1.275000000000e+00                    -3.960954011401e+00                    1.849925631679e-01                    9.933401920192e-01                    6.400292539207e-07                    
1.300000000000e+00                    -3.957412289229e+00                    2.019900563483e-01                    9.931638703870e-01                    4.629346283394e-07                    
1.325000000000e+00                    -3.953698121812e+00                    2.179767169795e-01                    9.922525112511e-01                    4.089493743001e-07                    
1.350000000000e+00                    -3.947446564656e+00                    2.285697323146e-01                    9.908156045605e-01                    6.983256163754e-07                    
1.375000000000e+00                    -3.940347494749e+00                    2.529765979160e-01                    9.905042424242e-01                    3.431782764219e-07                    
1.400000000000e+00                    -3.936130825083e+00                    2.793044637993e-01                    9.914512751275e-01                    5.733998129422e-07                    
1.425000000000e+00                    -3.925730465047e+00                    3.039843310656e-01                    9.896564326433e-01                    4.473259123333e-07                    
1.450000000000e+00                    -3.920289300930e+00                    3.183042715873e-01                    9.876426672667e-01                    5.059514573894e-07                    
1.475000000000e+00                    -3.911004704470e+00                    3.533111395593e-01                    9.869520462046e-01                    6.102670358428e-07                    
1.500000000000e+00                    -3.902828670867e+00                    3.656967827908e-01                    9.864035253525e-01                    9.215769428845e-07                    
1.525000000000e+00                    -3.890656489649e+00                    3.867804920968e-01                    9.843867956796e-01                    7.000361627777e-07                    
1.550000000000e+00                    -3.879265394539e+00                    4.184116027336e-01                    9.829454575458e-01                    9.204513270974e-07                    
1.575000000000e+00                    -3.866189726973e+00                    4.562132669522e-01                    9.814578877888e-01                    1.009013119906e-06                    
1.600000000000e+00                    -3.855714383438e+00                    4.684665880855e-01                    9.794840924092e-01                    1.027235065705e-06                    
1.625000000000e+00                    -3.842952031203e+00                    5.097860592483e-01                    9.775602130213e-01                    1.065504286292e-06                    
1.650000000000e+00                    -3.828079123912e+00                    5.450803909381e-01                    9.756974137414e-01                    1.440583142937e-06                    
1.675000000000e+00                    -3.813082964296e+00                    5.789504895983e-01                    9.728201770177e-01                    1.319400443754e-06                    
1.700000000000e+00                    -3.795699165917e+00                    6.203493330998e-01                    9.698822802280e-01                    1.550557405643e-06                    
1.725000000000e+00                    -3.780605160516e+00                    6.571443557536e-01                    9.676484908491e-01                    1.873766993053e-06                    
1.750000000000e+00                    -3.759171881188e+00                    6.811824852845e-01                    9.640893309331e-01                    1.872380045740e-06                    
1.775000000000e+00                    -3.738062934293e+00                    7.158675001553e-01                    9.607033603360e-01                    2.133964383334e-06                    
1.800000000000e+00                    -3.715568712871e+00                    7.667630775701e-01                    9.554035343534e-01                    2.274649418149e-06                    
1.825000000000e+00                    -3.695863078308e+00                    8.073434945263e-01                    9.522393699370e-01                    2.818212597985e-06                    
1.850000000000e+00                    -3.668964020402e+00                    8.491883942799e-01                    9.477283078308e-01                    2.902722210241e-06                    
1.875000000000e+00                    -3.645602580258e+00                    8.990479967151e-01                    9.437585508551e-01                    3.343236078087e-06                    
1.900000000000e+00                    -3.620646684668e+00                    9.396852302717e-01                    9.372618121812e-01                    3.942058955478e-06                    
1.925000000000e+00                    -3.591641956196e+00                    1.007103997389e+00                    9.313067986799e-01                    4.783476414242e-06                    
1.950000000000e+00                    -3.564005100510e+00                    1.055529778364e+00                    9.267381158116e-01                    4.794768690413e-06                    
1.975000000000e+00                    -3.525919507951e+00                    1.096497168169e+00                    9.178089048905e-01                    5.835165909638e-06                    
2.000000000000e+00                    -3.493432379238e+00                    1.138624804306e+00                    9.122412391239e-01                    6.875208977684e-06                    
2.025000000000e+00                    -3.453323840384e+00                    1.176606808122e+00                    9.025690309031e-01                    7.412216672270e-06                    
2.050000000000e+00                    -3.414910291029e+00                    1.245727475416e+00                    8.912733453345e-01                    8.360231959172e-06                    
2.075000000000e+00                    -3.365213825383e+00                    1.311041878385e+00                    8.827326042604e-01                    9.704795466647e-06                    
2.100000000000e+00                    -3.322396291629e+00                    1.358554260349e+00                    8.651940744074e-01                    1.072932418560e-05                    
2.125000000000e+00                    -3.279876819682e+00                    1.417033458815e+00                    8.591848394839e-01                    1.255626436718e-05                    
2.150000000000e+00                    -3.222381758176e+00                    1.474196013554e+00                    8.423577527753e-01                    1.510745131086e-05                    
2.175000000000e+00                    -3.157207812781e+00                    1.507732777167e+00                    8.242004290429e-01                    1.572963026310e-05                    
2.200000000000e+00                    -3.134051029103e+00                    1.528049883341e+00                    8.078918691869e-01                    1.968910267553e-05                    
2.225000000000e+00                    -3.069036507651e+00                    1.565989756597e+00                    7.949133573357e-01                    2.003254415785e-05                    
2.250000000000e+00                    -3.010076099610e+00                    1.588820496337e+00                    7.705635163516e-01                    2.290288910155e-05                    
2.275000000000e+00                    -2.934665670567e+00                    1.630290906243e+00                    7.476648784878e-01                    2.751890857635e-05                    
2.300000000000e+00                    -2.875890501050e+00                    1.632501359389e+00                    7.229689768977e-01                    2.922397183080e-05                    
2.325000000000e+00                    -2.812409720972e+00                    1.658834753707e+00                    7.086169096910e-01                    3.263050126088e-05                    
2.350000000000e+00                    -2.736376765677e+00                    1.642660658505e+00                    6.806351755176e-01                    3.652310342555e-05                    
2.375000000000e+00                    -2.687287536754e+00                    1.615670235659e+00                    6.530385448545e-01                    3.817697975994e-05                    
2.400000000000e+00                    -2.616460198020e+00                    1.599011236007e+00                    6.398095499550e-01                    3.983785811996e-05                    
2.425000000000e+00                    -2.534517275728e+00                    1.578255670718e+00                    6.079883678368e-01                    4.236754292181e-05                    
2.450000000000e+00                    -2.492951791179e+00                    1.559262958249e+00                    5.817268706871e-01                    4.579445247381e-05                    
2.475000000000e+00                    -2.424852001200e+00                    1.522801485790e+00                    5.619432673267e-01                    4.729696941542e-05                    
2.500000000000e+00                    -2.370120816082e+00                    1.488230154381e+00                    5.367614041404e-01                    5.043474008610e-05                    
2.525000000000e+00                    -2.318511995200e+00                    1.410864337882e+00                    5.168385568557e-01                    5.241878524404e-05                    
2.550000000000e+00                    -2.259170057006e+00                    1.371625454647e+00                    4.913851935194e-01                    5.160786952153e-05                    
2.575000000000e+00                    -2.211988814881e+00                    1.322972064976e+00                    4.768909900990e-01                    5.421671447059e-05                    
2.600000000000e+00                    -2.157102538254e+00                    1.282450895457e+00                    4.580121902190e-01                    5.629374091591e-05                    
2.625000000000e+00                    -2.114005460546e+00                    1.268589085515e+00                    4.406447794779e-01                    5.666397321678e-05                    
2.650000000000e+00                    -2.075188178818e+00                    1.184832259647e+00                    4.169219441944e-01                    5.705006483520e-05                    
2.675000000000e+00                    -2.041466186619e+00                    1.176460328343e+00                    4.072201470147e-01                    5.533922767211e-05                    
2.700000000000e+00                    -2.002770789079e+00                    1.142173455514e+00                    3.947332913291e-01                    5.466302195083e-05                    
2.725000000000e+00                    -1.954150255026e+00                    1.081600596485e+00                    3.772748964896e-01                    5.568563580143e-05                    
2.750000000000e+00                    -1.931211101110e+00                    1.045052713833e+00                    3.635033213321e-01                    5.586382200305e-05                    
2.775000000000e+00                    -1.886631119112e+00                    1.019341293921e+00                    3.557022982298e-01                    5.404736992407e-05                    
2.800000000000e+00                    -1.858766996700e+00                    9.842304823550e-01                    3.475690219022e-01                    5.351006451243e-05                    
2.825000000000e+00                    -1.823233087309e+00                    9.512181173259e-01                    3.358955475548e-01                    5.348905340015e-05                    
2.850000000000e+00                    -1.797519447945e+00                    8.958382371210e-01                    3.223249474947e-01                    5.369753163391e-05                    
2.875000000000e+00                    -1.771293309331e+00                    8.830114306906e-01                    3.168455415542e-01                    5.261382670300e-05                    
2.900000000000e+00                    -1.745223222322e+00                    8.479659960615e-01                    3.084993609361e-01                    5.240855016431e-05                    
2.925000000000e+00                    -1.716155679568e+00                    8.143467361374e-01                    2.944193999400e-01                    5.064386604299e-05                    
2.950000000000e+00                    -1.691964896490e+00                    7.996761547521e-01                    2.896995739574e-01                    4.953482700397e-05                    
2.975000000000e+00                    -1.678006060606e+00                    7.806134211045e-01                    2.845037263726e-01                    4.795219635765e-05                    
3.000000000000e+00                    -1.653475655566e+00                    7.483215992014e-01                    2.745936303630e-01                    4.744767221127e-05                    
3.025000000000e+00                    -1.629661134113e+00                    7.330844513646e-01                    2.737121932193e-01                    4.636528275187e-05                    
3.050000000000e+00                    -1.614660042004e+00                    7.152789250976e-01                    2.669945034503e-01                    4.592223490939e-05                    
3.075000000000e+00                    -1.589884596460e+00                    6.951252249188e-01                    2.602541644164e-01                    4.523848190403e-05                    
3.100000000000e+00                    -1.563946150615e+00                    6.550108241956e-01                    2.541185358536e-01                    4.504949411378e-05                    
3.125000000000e+00                    -1.547212733273e+00                    6.519375865289e-01                    2.533313531353e-01                    4.315622418468e-05                    
3.150000000000e+00                    -1.533862574257e+00                    6.406380149377e-01                    2.444474797480e-01                    4.050772914552e-05                    
3.175000000000e+00                    -1.515115391539e+00                    6.236484517141e-01                    2.421975217522e-01                    4.124862685383e-05                    
3.200000000000e+00                    -1.494855277528e+00                    6.019551984705e-01                    2.401459555956e-01                    4.034601766708e-05                    
3.225000000000e+00                    -1.477218757876e+00                    5.896359188247e-01                    2.330799309931e-01                    3.971527705967e-05                    
3.250000000000e+00                    -1.459370069007e+00                    5.828048789641e-01                    2.272489888989e-01                    3.941866780857e-05                    
3.275000000000e+00                    -1.448803228323e+00                    5.684907506934e-01                    2.244943114311e-01                    3.656984516390e-05                    
3.300000000000e+00                    -1.432496693669e+00                    5.490269689402e-01                    2.215335253525e-01                    3.681822498064e-05                    
3.325000000000e+00                    -1.412262334233e+00                    5.378031701550e-01                    2.227283528353e-01                    3.654841784662e-05                    
3.350000000000e+00                    -1.404190891089e+00                    5.228694748555e-01                    2.157988028803e-01                    3.601349110052e-05                    
3.375000000000e+00                    -1.385829570957e+00                    5.148490095018e-01                    2.133596819682e-01                    3.481782141696e-05                    
3.400000000000e+00                    -1.370716831683e+00                    4.985897309448e-01                    2.083847014701e-01                    3.421452139395e-05                    
3.425000000000e+00                    -1.366438775878e+00                    4.979127484394e-01                    2.098307740774e-01                    3.369300478255e-05                    
3.450000000000e+00                    -1.347967344734e+00                    4.798979629433e-01                    2.055979057906e-01                    3.270884134081e-05                    
3.475000000000e+00                    -1.338113219322e+00                    4.763204968933e-01                    2.009753705371e-01                    3.141597203084e-05                    
3.500000000000e+00                    -1.321818973897e+00                    4.644793937860e-01                    1.990077827783e-01                    3.139832555831e-05                    
3.525000000000e+00                    -1.312126876688e+00                    4.526839434790e-01                    1.981170087009e-01                    3.075593298523e-05                    
3.550000000000e+00                    -1.296170393039e+00                    4.428675674187e-01                    1.960648814881e-01                    3.019368599661e-05                    
3.575000000000e+00                    -1.285423546355e+00                    4.322703999681e-01                    1.946753525353e-01                    2.989540322471e-05                    
3.600000000000e+00                    -1.275987230723e+00                    4.347192711226e-01                    1.897472067207e-01                    2.886162134390e-05                    
3.625000000000e+00                    -1.262976561656e+00                    4.277532523166e-01                    1.888038733873e-01                    2.837343297574e-05                    
3.650000000000e+00                    -1.251228742874e+00                    4.131854199664e-01                    1.881288058806e-01                    2.826575513641e-05                    
3.675000000000e+00                    -1.238413825383e+00                    4.067588906810e-01                    1.847532283228e-01                    2.696936280107e-05                    
3.700000000000e+00                    -1.226658313831e+00                    3.994468286586e-01                    1.830914701470e-01                    2.707209445753e-05                    
3.725000000000e+00                    -1.218768784878e+00                    3.903797538371e-01                    1.817324392439e-01                    2.614109166911e-05                    
3.750000000000e+00                    -1.208710591059e+00                    3.862047063707e-01                    1.795828352835e-01                    2.583721588053e-05                    
3.775000000000e+00                    -1.200850333033e+00                    3.740027443663e-01                    1.795472037204e-01                    2.522859963726e-05                    
3.800000000000e+00                    -1.191087392739e+00                    3.690752195156e-01                    1.785096099610e-01                    2.497134228113e-05                    
3.825000000000e+00                    -1.178595559556e+00                    3.669971960464e-01                    1.762229312931e-01                    2.415058715089e-05                    
3.850000000000e+00                    -1.171646492649e+00                    3.567807886305e-01                    1.738275817582e-01                    2.453184467621e-05                    
3.875000000000e+00                    -1.159561896190e+00                    3.499620523263e-01                    1.729966996700e-01                    2.327015598986e-05                    
3.900000000000e+00                    -1.148940738074e+00                    3.470998501805e-01                    1.718119531953e-01                    2.316096959549e-05                    
3.925000000000e+00                    -1.143134533453e+00                    3.426456686947e-01                    1.719335613561e-01                    2.229540812679e-05                    
3.950000000000e+00                    -1.132345694569e+00                    3.365657588505e-01                    1.677834053405e-01                    2.229659043889e-05                    
3.975000000000e+00                    -1.123129456946e+00                    3.320479008171e-01                    1.668583048305e-01                    2.200637166215e-05                    
4.000000000000e+00                    -1.118360636064e+00                    3.233485015252e-01                    1.657465256526e-01                    2.180371351336e-05                    
4.025000000000e+00                    -1.104002016202e+00                    3.188774011332e-01                    1.656373057306e-01                    2.148075308815e-05                    
4.050000000000e+00                    -1.099078943894e+00                    3.133633992516e-01                    1.631117221722e-01                    2.105658719458e-05                    
4.075000000000e+00                    -1.089807380738e+00                    3.086823383304e-01                    1.628217311731e-01                    2.056061018815e-05                    
4.100000000000e+00                    -1.084285616562e+00                    3.043584450277e-01                    1.625506900690e-01                    2.022178417662e-05                    
4.125000000000e+00                    -1.071087920792e+00                    3.012374090257e-01                    1.606140774077e-01                    2.025447499803e-05                    
4.150000000000e+00                    -1.067052733273e+00                    2.960777591677e-01                    1.592376627663e-01                    1.916887707044e-05                    
4.175000000000e+00                    -1.058875811581e+00                    2.888964201452e-01                    1.585654575458e-01                    1.930070030730e-05                    
4.200000000000e+00                    -1.049350195020e+00                    2.873726175861e-01                    1.572356495650e-01                    1.900428453263e-05                    
4.225000000000e+00                    -1.041744122412e+00                    2.803625436055e-01                    1.577985358536e-01                    1.856143279763e-05                    
4.250000000000e+00                    -1.037618637864e+00                    2.762605702471e-01                    1.564135523552e-01                    1.866350150400e-05                    
4.275000000000e+00                    -1.029689024902e+00                    2.783897205352e-01                    1.547904350435e-01                    1.811129682874e-05                    
4.300000000000e+00                    -1.020729588959e+00                    2.721407312060e-01                    1.537996339634e-01                    1.800102990717e-05                    
4.325000000000e+00                    -1.013160984098e+00                    2.681738281405e-01                    1.527564206421e-01                    1.783914331428e-05                    
4.350000000000e+00                    -1.008401344134e+00                    2.642790099531e-01                    1.517098349835e-01                    1.759050009122e-05                    
4.375000000000e+00                    -1.000478235824e+00                    2.592285749330e-01                    1.512972397240e-01                    1.700219800519e-05                    
4.400000000000e+00                    -9.938190219022e-01                    2.541158964138e-01                    1.508544434443e-01                    1.679713142563e-05                    
4.425000000000e+00                    -9.879107230723e-01                    2.507418646917e-01                    1.502114071407e-01                    1.667584440164e-05                    
4.450000000000e+00                    -9.774826642664e-01                    2.494892733514e-01                    1.496324182418e-01                    1.675620454805e-05                    
4.475000000000e+00                    -9.747040744074e-01                    2.458796605694e-01                    1.486639663966e-01                    1.616244069486e-05                    
4.500000000000e+00                    -9.662691629163e-01                    2.407295762546e-01                    1.474839063906e-01                    1.615597059422e-05                    
4.525000000000e+00                    -9.596620102010e-01                    2.382935271504e-01                    1.459126972697e-01                    1.583858104684e-05                    
4.550000000000e+00                    -9.571816381638e-01                    2.342422458399e-01                    1.456218211821e-01                    1.557722569594e-05                    
4.575000000000e+00                    -9.498609900990e-01                    2.299137122085e-01                    1.445696309631e-01                    1.549814244344e-05                    
4.600000000000e+00                    -9.458726072607e-01                    2.267931282042e-01                    1.447457875788e-01                    1.533609514499e-05                    
4.625000000000e+00                    -9.367961236124e-01                    2.266733494766e-01                    1.450369906991e-01                    1.494051431056e-05                    
4.650000000000e+00                    -9.331965796580e-01                    2.226167457144e-01                    1.422462856286e-01                    1.503574029145e-05                    
4.675000000000e+00                    -9.268605940594e-01                    2.198093741816e-01                    1.427834263426e-01                    1.476711198735e-05                    
4.700000000000e+00                    -9.185999639964e-01                    2.199979031246e-01                    1.421009630963e-01                    1.458178353400e-05                    
4.725000000000e+00                    -9.165425142514e-01                    2.156872967499e-01                    1.407618961896e-01                    1.419367611506e-05                    
4.750000000000e+00                    -9.092984098410e-01                    2.118204135631e-01                    1.408988298830e-01                    1.414753194069e-05                    
4.775000000000e+00                    -9.011915271527e-01                    2.098262342437e-01                    1.402188628863e-01                    1.401541157208e-05                    
4.800000000000e+00                    -8.963818661866e-01                    2.062754426933e-01                    1.388262436244e-01                    1.378857471029e-05                    
4.825000000000e+00                    -8.883687488749e-01                    2.035129244217e-01                    1.388381218122e-01                    1.367414254840e-05                    
4.850000000000e+00                    -8.871855385539e-01                    2.018097822998e-01                    1.385665526553e-01                    1.360325345994e-05                    
4.875000000000e+00                    -8.819237683768e-01                    1.993975303381e-01                    1.375616531653e-01                    1.330503632996e-05                    
4.900000000000e+00                    -8.765127152715e-01                    1.963351578613e-01                    1.375188598860e-01                    1.328494667336e-05                    
4.925000000000e+00                    -8.718373237324e-01                    1.956419399811e-01                    1.363649384938e-01                    1.300804107660e-05                    
4.950000000000e+00                    -8.673341134113e-01                    1.927272706468e-01                    1.354959795980e-01                    1.296334280484e-05                    
4.975000000000e+00                    -8.632954815482e-01                    1.906827629230e-01                    1.368539153915e-01                    1.287318872846e-05                    
5.000000000000e+00                    -8.576676747675e-01                    1.866907727400e-01                    1.363002010201e-01                    1.251043217645e-05                    
5.025000000000e+00                    -8.523728892889e-01                    1.864380639770e-01                    1.344923492349e-01                    1.259623450476e-05                    
5.050000000000e+00                    -8.470087128713e-01                    1.824673318174e-01                    1.342636543654e-01                    1.239727511108e-05                    
5.075000000000e+00                    -8.424135853585e-01                    1.811524354941e-01                    1.334268586859e-01                    1.219933721472e-05                    
5.100000000000e+00                    -8.390908490849e-01                    1.787047874041e-01                    1.336215241524e-01                    1.212578198590e-05                    
5.125000000000e+00                    -8.307682808281e-01                    1.787734117178e-01                    1.330321632163e-01                    1.198927630971e-05                    
5.150000000000e+00                    -8.290141014101e-01                    1.759395223782e-01                    1.331573807381e-01                    1.183683554164e-05                    
5.175000000000e+00                    -8.247171797180e-01                    1.733606606023e-01                    1.318404980498e-01                    1.161734411559e-05                    
5.200000000000e+00                    -8.184705070507e-01                    1.716799154135e-01                    1.309923882388e-01                    1.157290757960e-05                    
5.225000000000e+00                    -8.145291689169e-01                    1.696906194104e-01                    1.317390189019e-01                    1.144224301384e-05                    
5.250000000000e+00                    -8.098292469247e-01                    1.674030685001e-01                    1.309596729673e-01                    1.137053167053e-05                    
5.275000000000e+00                    -8.059223642364e-01                    1.641532981059e-01                    1.304653225323e-01                    1.139280598578e-05                    
5.300000000000e+00                    -8.010613021302e-01                    1.640069785180e-01                    1.300955745575e-01                    1.100775958966e-05                    
5.325000000000e+00                    -7.960729312931e-01                    1.630530798652e-01                    1.290828832883e-01                    1.112154705232e-05                    
5.350000000000e+00                    -7.930349234923e-01                    1.608841396678e-01                    1.292875367537e-01                    1.081835774417e-05                    
5.375000000000e+00                    -7.910688868887e-01                    1.577763912351e-01                    1.288889798980e-01                    1.089647008677e-05                    
5.400000000000e+00                    -7.835957515752e-01                    1.564769803528e-01                    1.278991449145e-01                    1.065986097050e-05                    
5.425000000000e+00                    -7.808159495950e-01                    1.552160502380e-01                    1.278926522652e-01                    1.057229055812e-05                    
5.450000000000e+00                    -7.753505910591e-01                    1.537143200688e-01                    1.279170567057e-01                    1.051662163320e-05                    
5.475000000000e+00                    -7.709039303930e-01                    1.526120916617e-01                    1.268755805581e-01                    1.043744469983e-05                    
5.500000000000e+00                    -7.677569036904e-01                    1.505021216935e-01                    1.260445304530e-01                    1.034848183465e-05                    
5.525000000000e+00                    -7.649562316232e-01                    1.488795123873e-01                    1.268940774077e-01                    1.015872503795e-05                    
5.550000000000e+00                    -7.627933873387e-01                    1.482066021179e-01                    1.270949054905e-01                    1.013086552430e-05                    
5.575000000000e+00                    -7.577390099010e-01                    1.457253546183e-01                    1.252543174317e-01                    9.950204634652e-06                    
5.600000000000e+00                    -7.531948034803e-01                    1.435446631623e-01                    1.258251755176e-01                    9.928937474659e-06                    
5.625000000000e+00                    -7.492435283528e-01                    1.435821436859e-01                    1.256113531353e-01                    9.854873639747e-06                    
5.650000000000e+00                    -7.465437983798e-01                    1.413941840303e-01                    1.248547104710e-01                    9.762166155696e-06                    
5.675000000000e+00                    -7.409478547855e-01                    1.405113377153e-01                    1.234976567657e-01                    9.689693801412e-06                    
5.700000000000e+00                    -7.385004380438e-01                    1.384530940963e-01                    1.240725382538e-01                    9.506807065282e-06                    
5.725000000000e+00                    -7.342815241524e-01                    1.374480075156e-01                    1.241786198620e-01                    9.399670737260e-06                    
5.750000000000e+00                    -7.308707830783e-01                    1.360883388858e-01                    1.233631233123e-01                    9.504062552320e-06                    
5.775000000000e+00                    -7.298737473747e-01                    1.356576332372e-01                    1.233772817282e-01                    9.333762393926e-06                    
5.800000000000e+00                    -7.267700690069e-01                    1.327555944173e-01                    1.243999129913e-01                    9.184460868384e-06                    
5.825000000000e+00                    -7.221557635764e-01                    1.324149129677e-01                    1.228726972697e-01                    9.182310288094e-06                    
5.850000000000e+00                    -7.191921152115e-01                    1.312181100751e-01                    1.224353525353e-01                    9.168624593078e-06                    
5.875000000000e+00                    -7.143861386139e-01                    1.288643025540e-01                    1.223397929793e-01                    8.913919049059e-06                    
5.900000000000e+00                    -7.098992739274e-01                    1.285055528216e-01                    1.219960126013e-01                    8.994056271422e-06                    
5.925000000000e+00                    -7.075214521452e-01                    1.271576156538e-01                    1.216620822082e-01                    8.909320330370e-06                    
5.950000000000e+00                    -7.069023222322e-01                    1.265848981039e-01                    1.213114371437e-01                    8.873240922743e-06                    
5.975000000000e+00                    -7.015805100510e-01                    1.253105575867e-01                    1.214817851785e-01                    8.805152381844e-06                    
6.000000000000e+00                    -6.988693429343e-01                    1.226702453008e-01                    1.207001110111e-01                    8.661261526333e-06                    
6.025000000000e+00                    -6.940447764776e-01                    1.228133571880e-01                    1.207949204920e-01                    8.559840121289e-06                    
6.050000000000e+00                    -6.909718571857e-01                    1.211569451485e-01                    1.201852025203e-01                    8.463382040311e-06                    
6.075000000000e+00                    -6.884769516952e-01                    1.206784860518e-01                    1.199774287429e-01                    8.456538430410e-06                    
6.100000000000e+00                    -6.865802220222e-01                    1.194592446471e-01                    1.198997119712e-01                    8.336499538062e-06                    
6.125000000000e+00                    -6.843164836484e-01                    1.182648572701e-01                    1.195345754575e-01                    8.336017664898e-06                    
6.150000000000e+00                    -6.803716411641e-01                    1.176771389576e-01                    1.196468106811e-01                    8.279665520034e-06                    
6.175000000000e+00                    -6.769052265227e-01                    1.155062095365e-01                    1.194870717072e-01                    8.260898885247e-06                    
6.200000000000e+00                    -6.744879207921e-01                    1.151824520351e-01                    1.190927212721e-01                    8.136236184491e-06                    
6.225000000000e+00                    -6.719978157816e-01                    1.143691467167e-01                    1.186092469247e-01                    8.080292045052e-06                    
6.250000000000e+00                    -6.672488928893e-01                    1.129615651076e-01                    1.181202280228e-01                    8.152820052252e-06                    
6.275000000000e+00                    -6.672180138014e-01                    1.116215820612e-01                    1.189237233723e-01                    7.919364740315e-06                    
6.300000000000e+00                    -6.626359795980e-01                    1.108331845762e-01                    1.180934383438e-01                    7.917260933157e-06                    
6.325000000000e+00                    -6.594064206421e-01                    1.103693549952e-01                    1.177303930393e-01                    7.771109037616e-06                    
6.350000000000e+00                    -6.559144674467e-01                    1.088755783769e-01                    1.179133213321e-01                    7.797926815297e-06                    
6.375000000000e+00                    -6.543472787279e-01                    1.079515582747e-01                    1.166879327933e-01                    7.681987236665e-06                    
6.400000000000e+00                    -6.513910231023e-01                    1.075829222450e-01                    1.169541104110e-01                    7.624860767819e-06                    
6.425000000000e+00                    -6.491084668467e-01                    1.065781808004e-01                    1.161589858986e-01                    7.629912003238e-06                    
6.450000000000e+00                    -6.451881548155e-01                    1.045790256406e-01                    1.167769876988e-01                    7.568996315006e-06                    
6.475000000000e+00                    -6.406564776478e-01                    1.040187531662e-01                    1.161025112511e-01                    7.542587891379e-06                    
6.500000000000e+00                    -6.405735973597e-01                    1.033984223656e-01                    1.164057125713e-01                    7.463096910633e-06                    
6.525000000000e+00                    -6.382433363336e-01                    1.029485260046e-01                    1.156654425443e-01                    7.445295580415e-06                    
6.550000000000e+00                    -6.355028862886e-01                    1.023727025691e-01                    1.153768286829e-01                    7.387339099250e-06                    
6.575000000000e+00                    -6.302686228623e-01                    1.006727196847e-01                    1.160367056706e-01                    7.324210250994e-06                    
6.600000000000e+00                    -6.280560816082e-01                    1.011842806522e-01                    1.151540864086e-01                    7.268654816795e-06                    
6.625000000000e+00                    -6.280658985899e-01                    9.866174696005e-02                    1.146091659166e-01                    7.220700346345e-06                    
6.650000000000e+00                    -6.246287428743e-01                    9.896033395993e-02                    1.153301650165e-01                    7.073048608773e-06                    
6.675000000000e+00                    -6.224026402640e-01                    9.780791907635e-02                    1.145858325833e-01                    7.054613352596e-06                    
6.700000000000e+00                    -6.193946474647e-01                    9.652936866322e-02                    1.145986408641e-01                    7.087678626253e-06                    
6.725000000000e+00                    -6.172869006901e-01                    9.529637117396e-02                    1.145360366037e-01                    7.024876970580e-06                    
6.750000000000e+00                    -6.147025262526e-01                    9.552191409964e-02                    1.139836273627e-01                    7.014442696435e-06                    
6.775000000000e+00                    -6.116168856886e-01                    9.416024896763e-02                    1.130424152415e-01                    6.926030864697e-06                    
6.800000000000e+00                    -6.095457185719e-01                    9.293105357428e-02                    1.136486648665e-01                    6.865492457767e-06                    
6.825000000000e+00                    -6.083980678068e-01                    9.255290024116e-02                    1.138993909391e-01                    6.863034304301e-06                    
6.850000000000e+00                    -6.061448424842e-01                    9.233136887545e-02                    1.134516261626e-01                    6.797431653787e-06                    
6.875000000000e+00                    -6.031215841584e-01                    9.160411585357e-02                    1.133031203120e-01                    6.744929760479e-06                    
6.900000000000e+00                    -6.020086528653e-01                    9.081838336887e-02                    1.129269936994e-01                    6.742865438476e-06                    
6.925000000000e+00                    -5.988449924993e-01                    8.995330684382e-02                    1.131007320732e-01                    6.718659589563e-06                    
6.950000000000e+00                    -5.974286108611e-01                    8.957377095564e-02                    1.125095469547e-01                    6.644574841764e-06                    
6.975000000000e+00                    -5.929837263726e-01                    8.939218408025e-02                    1.117246474647e-01                    6.648513800223e-06                    
7.000000000000e+00                    -5.909983678368e-01                    8.764413183845e-02                    1.121945994599e-01                    6.579573934608e-06                    
7.025000000000e+00                    -5.877185958596e-01                    8.697916311856e-02                    1.116510171017e-01                    6.498668341986e-06                    
7.050000000000e+00                    -5.871385898590e-01                    8.714022935580e-02                    1.118495349535e-01                    6.518968022636e-06                    
7.075000000000e+00                    -5.836122172217e-01                    8.591128490602e-02                    1.118132613261e-01                    6.524305301423e-06                    
7.100000000000e+00                    -5.803366576658e-01                    8.530918573257e-02                    1.117432463246e-01                    6.391388906959e-06                    
7.125000000000e+00                    -5.789794419442e-01                    8.468933267225e-02                    1.115565376538e-01                    6.308559403953e-06                    
7.150000000000e+00                    -5.779347014701e-01                    8.365016323687e-02                    1.113032673267e-01                    6.288725837732e-06                    
7.175000000000e+00                    -5.775209360936e-01                    8.344311921350e-02                    1.113850225023e-01                    6.274166510238e-06                    
7.200000000000e+00                    -5.751198919892e-01                    8.259519576987e-02                    1.109518031803e-01                    6.270780633319e-06                    
7.225000000000e+00                    -5.735433423342e-01                    8.194971526978e-02                    1.112612241224e-01                    6.212914560278e-06                    
7.250000000000e+00                    -5.713893909391e-01                    8.159566024535e-02                    1.107189288929e-01                    6.149197568194e-06                    
7.275000000000e+00                    -5.669152955296e-01                    8.053039561486e-02                    1.099401500150e-01                    6.172642267700e-06                    
7.300000000000e+00                    -5.653954515452e-01                    8.044557848459e-02                    1.103575157516e-01                    6.098577511796e-06                    
7.325000000000e+00                    -5.642695109511e-01                    7.987204602172e-02                    1.099662556256e-01                    6.136062521296e-06                    
7.350000000000e+00                    -5.605481068107e-01                    7.947960442588e-02                    1.107538913891e-01                    6.055086472123e-06                    
7.375000000000e+00                    -5.584995499550e-01                    7.874815288368e-02                    1.097210861086e-01                    5.975558027889e-06                    
7.400000000000e+00                    -5.567260966097e-01                    7.805678353456e-02                    1.097884698470e-01                    5.931747850655e-06                    
7.425000000000e+00                    -5.561601560156e-01                    7.740699084106e-02                    1.091525592559e-01                    5.951585746215e-06                    
7.450000000000e+00                    -5.533639483948e-01                    7.711459313695e-02                    1.097679777978e-01                    5.886988565909e-06                    
7.475000000000e+00                    -5.516741794179e-01                    7.624038754903e-02                    1.094353525353e-01                    5.912414360721e-06                    
