tempreature/J                              E                                     Cv                                    m                                  chi
5.000000000000e-01                    -8.057548428705e-01                    1.084169019214e-02                    3.497776735460e-01                    2.099049179048e-04                    
6.000000000000e-01                    -7.814905487805e-01                    2.529611994882e-02                    3.534808864916e-01                    1.992838160102e-04                    
7.000000000000e-01                    -7.626560623827e-01                    4.976355444373e-02                    3.448869606004e-01                    1.887621634594e-04                    
8.000000000000e-01                    -7.565470802064e-01                    7.474621711582e-02                    3.434154549719e-01                    1.825311639141e-04                    
9.000000000000e-01                    -7.549753517824e-01                    9.434613471416e-02                    3.449602485929e-01                    1.837684752887e-04                    
1.000000000000e+00                    -7.660875820826e-01                    1.154650497027e-01                    3.407456613508e-01                    1.910379219780e-04                    
1.100000000000e+00                    -7.384800773921e-01                    1.295838282942e-01                    3.335761022514e-01                    1.870489858754e-04                    
1.200000000000e+00                    -7.573111515009e-01                    1.450576592983e-01                    3.300786819887e-01                    1.898206579516e-04                    
1.300000000000e+00                    -7.167238860225e-01                    1.531110322962e-01                    3.201541979362e-01                    1.839126137173e-04                    
1.400000000000e+00                    -7.120876289869e-01                    1.603064050656e-01                    3.265848968105e-01                    1.831682661586e-04                    
1.500000000000e+00                    -6.716259498124e-01                    1.608305169585e-01                    3.130555816135e-01                    1.810089234112e-04                    
1.600000000000e+00                    -6.406037171670e-01                    1.658210220581e-01                    3.126242964353e-01                    1.752943286127e-04                    
1.700000000000e+00                    -6.294833255159e-01                    1.665954597879e-01                    3.077351078799e-01                    1.702373760264e-04                    
1.800000000000e+00                    -6.301951454034e-01                    1.633591707565e-01                    3.072768527205e-01                    1.636884256807e-04                    
1.900000000000e+00                    -6.254138836773e-01                    1.619553932035e-01                    3.016845684803e-01                    1.589178340874e-04                    
2.000000000000e+00                    -5.944584075985e-01                    1.611407694695e-01                    2.953681988743e-01                    1.535403174159e-04                    
2.100000000000e+00                    -5.869553119137e-01                    1.557642357878e-01                    2.924965994371e-01                    1.465545999139e-04                    
2.200000000000e+00                    -5.845942542214e-01                    1.507191637173e-01                    2.876031894934e-01                    1.434275103172e-04                    
2.300000000000e+00                    -5.519927181051e-01                    1.473962431531e-01                    2.799872185741e-01                    1.398439692691e-04                    
2.400000000000e+00                    -5.309793034709e-01                    1.446834080107e-01                    2.823950515947e-01                    1.339825492885e-04                    
2.500000000000e+00                    -5.396625938086e-01                    1.390084345110e-01                    2.825426829268e-01                    1.291617408106e-04                    
2.600000000000e+00                    -4.940215994371e-01                    1.344711000532e-01                    2.742344043152e-01                    1.264457208090e-04                    
2.700000000000e+00                    -4.955195942777e-01                    1.295915760475e-01                    2.700413930582e-01                    1.228262410173e-04                    
2.800000000000e+00                    -4.923927181051e-01                    1.230459317414e-01                    2.680986163227e-01                    1.187500236698e-04                    
2.900000000000e+00                    -4.800898569418e-01                    1.204725492525e-01                    2.730431519700e-01                    1.139851319284e-04                    
3.000000000000e+00                    -4.311487453096e-01                    1.182858776685e-01                    2.665928705441e-01                    1.109309541539e-04                    
3.100000000000e+00                    -4.555034591932e-01                    1.126527459455e-01                    2.609450046904e-01                    1.070283459694e-04                    
3.200000000000e+00                    -4.387495544090e-01                    1.067490345467e-01                    2.649427767355e-01                    1.055724155990e-04                    
3.300000000000e+00                    -3.982365619137e-01                    1.046755050925e-01                    2.623902439024e-01                    1.010616343425e-04                    
3.400000000000e+00                    -4.245089235460e-01                    9.717540775082e-02                    2.555670731707e-01                    9.853140167606e-05                    
3.500000000000e+00                    -4.001480300188e-01                    9.280994719605e-02                    2.581042448405e-01                    9.479077101184e-05                    
3.600000000000e+00                    -3.725170966229e-01                    9.102375618538e-02                    2.529535647280e-01                    9.202057291384e-05                    
3.700000000000e+00                    -3.736265830206e-01                    8.870697154872e-02                    2.525291979362e-01                    8.954263496130e-05                    
3.800000000000e+00                    -3.749631566604e-01                    8.405775974698e-02                    2.512406191370e-01                    8.699363975762e-05                    
3.900000000000e+00                    -3.685694418386e-01                    8.003122144949e-02                    2.467571529081e-01                    8.506076541844e-05                    
4.000000000000e+00                    -3.791739915572e-01                    7.654515824349e-02                    2.489370309568e-01                    8.254783366675e-05                    
4.100000000000e+00                    -3.486774390244e-01                    7.405198346433e-02                    2.451055347092e-01                    8.055672438235e-05                    
4.200000000000e+00                    -3.608628635084e-01                    7.051153521155e-02                    2.418010084428e-01                    7.828947872806e-05                    
4.300000000000e+00                    -3.370537523452e-01                    6.831758061122e-02                    2.429905018762e-01                    7.594849287751e-05                    
4.400000000000e+00                    -3.015211655722e-01                    6.619781875161e-02                    2.418214118199e-01                    7.427552530341e-05                    
4.500000000000e+00                    -3.240850727017e-01                    6.503838526455e-02                    2.392559803002e-01                    7.248747662973e-05                    
4.600000000000e+00                    -3.088188438086e-01                    6.100258093778e-02                    2.408973968105e-01                    7.065157630713e-05                    
4.700000000000e+00                    -3.104108818011e-01                    5.909601551910e-02                    2.373144934334e-01                    6.876221504086e-05                    
4.800000000000e+00                    -2.900160060976e-01                    5.783664189833e-02                    2.352266651032e-01                    6.743183100649e-05                    
4.900000000000e+00                    -2.886985107880e-01                    5.580945895896e-02                    2.374437148218e-01                    6.585294607134e-05                    
5.000000000000e+00                    -2.925396575985e-01                    5.460348963635e-02                    2.318522514071e-01                    6.421889784787e-05                    
5.100000000000e+00                    -2.854736984053e-01                    5.181973792946e-02                    2.338286819887e-01                    6.258339458002e-05                    
5.200000000000e+00                    -2.633184803002e-01                    4.998949090494e-02                    2.311829268293e-01                    6.167969133548e-05                    
5.300000000000e+00                    -2.737279197936e-01                    4.863185154497e-02                    2.314227251407e-01                    6.018140295971e-05                    
5.400000000000e+00                    -2.841124413696e-01                    4.664833449453e-02                    2.275091463415e-01                    5.875118537510e-05                    
5.500000000000e+00                    -2.663696646341e-01                    4.504677703405e-02                    2.277619606004e-01                    5.755633193480e-05                    
5.600000000000e+00                    -2.640519934334e-01                    4.445759040130e-02                    2.326579502814e-01                    5.644199420371e-05                    
5.700000000000e+00                    -2.464394582552e-01                    4.232641373037e-02                    2.262813086304e-01                    5.534600124256e-05                    
5.800000000000e+00                    -2.673660178236e-01                    4.075846813145e-02                    2.279545028143e-01                    5.406442466800e-05                    
5.900000000000e+00                    -2.371550304878e-01                    3.988465262219e-02                    2.251862101313e-01                    5.318863368556e-05                    
6.000000000000e+00                    -2.451087007505e-01                    3.863431515703e-02                    2.278381801126e-01                    5.213061474481e-05                    
6.100000000000e+00                    -2.475960600375e-01                    3.765961931392e-02                    2.241832786116e-01                    5.111470295546e-05                    
6.200000000000e+00                    -2.139190900563e-01                    3.618182613967e-02                    2.283085131332e-01                    5.023132733527e-05                    
6.300000000000e+00                    -2.334778963415e-01                    3.517334776014e-02                    2.288447467167e-01                    4.942755086594e-05                    
6.400000000000e+00                    -2.344057223265e-01                    3.443483738753e-02                    2.298459193246e-01                    4.829946254846e-05                    
6.500000000000e+00                    -2.245637077861e-01                    3.344354973994e-02                    2.281339118199e-01                    4.741164296922e-05                    
6.600000000000e+00                    -2.146277321764e-01                    3.239582959492e-02                    2.224464118199e-01                    4.661516325390e-05                    
6.700000000000e+00                    -2.375267002814e-01                    3.159624729576e-02                    2.254567307692e-01                    4.587606340608e-05                    
6.800000000000e+00                    -1.993557692308e-01                    3.065600897411e-02                    2.269826454034e-01                    4.517190276245e-05                    
6.900000000000e+00                    -2.050287288931e-01                    3.005063310256e-02                    2.238785178236e-01                    4.422292188365e-05                    
7.000000000000e+00                    -2.124009849906e-01                    2.910264507822e-02                    2.170755159475e-01                    4.358397394457e-05                    
7.100000000000e+00                    -2.014600257974e-01                    2.835389601851e-02                    2.192463649156e-01                    4.282454658377e-05                    
7.200000000000e+00                    -2.032729479362e-01                    2.733303463286e-02                    2.241241791745e-01                    4.219122490958e-05                    
7.300000000000e+00                    -2.202252579737e-01                    2.642692536596e-02                    2.198846153846e-01                    4.140925452233e-05                    
7.400000000000e+00                    -1.989484521576e-01                    2.624079803569e-02                    2.210639071295e-01                    4.085155192952e-05                    
7.500000000000e+00                    -2.002732293621e-01                    2.558165237295e-02                    2.223771106942e-01                    4.020736787060e-05                    
