tempreature/J                              E                                     Cv                                    m                                  chi
5.000000000000e-01                    -1.999797712125e+00                    6.626829839894e-05                    9.990996142500e-01                    1.205242190276e-10                    
5.500000000000e-01                    -1.999692194875e+00                    2.854039216532e-04                    9.984872110000e-01                    1.884703637892e-09                    
6.000000000000e-01                    -1.999474707750e+00                    1.047380300143e-03                    9.978493446250e-01                    4.368857481621e-09                    
6.500000000000e-01                    -1.999209962750e+00                    2.133055037453e-03                    9.953382385000e-01                    3.482857167308e-09                    
7.000000000000e-01                    -1.998625254250e+00                    4.351603705478e-03                    9.956598374375e-01                    1.615622566165e-08                    
7.500000000000e-01                    -1.998139122500e+00                    6.187373627605e-03                    9.923360576250e-01                    2.934885413254e-08                    
8.000000000000e-01                    -1.997365933625e+00                    2.074033625803e-02                    9.937055803125e-01                    2.859199115720e-08                    
8.500000000000e-01                    -1.996725724000e+00                    2.763105410613e-02                    9.906931857500e-01                    3.794594327198e-08                    
9.000000000000e-01                    -1.996371020875e+00                    3.514182112858e-02                    9.880069646875e-01                    4.218191482323e-08                    
9.500000000000e-01                    -1.993796233750e+00                    4.559091988089e-02                    9.853819966250e-01                    6.418033267845e-08                    
1.000000000000e+00                    -1.992495932750e+00                    7.100100326587e-02                    9.862814060625e-01                    9.386529598713e-08                    
1.050000000000e+00                    -1.990562348875e+00                    9.334899078696e-02                    9.839374897500e-01                    8.691021703052e-08                    
1.100000000000e+00                    -1.987832025375e+00                    1.112656588151e-01                    9.795929906250e-01                    2.277463129735e-07                    
1.150000000000e+00                    -1.983693741625e+00                    1.346603180996e-01                    9.787420031875e-01                    1.787043356435e-07                    
1.200000000000e+00                    -1.981553416000e+00                    1.705527128393e-01                    9.741367450625e-01                    3.145504827039e-07                    
1.250000000000e+00                    -1.975893533125e+00                    1.952956389087e-01                    9.719639073125e-01                    2.813520661678e-07                    
1.300000000000e+00                    -1.972427645000e+00                    2.286767018131e-01                    9.748763261250e-01                    3.554279611555e-07                    
1.350000000000e+00                    -1.965361703000e+00                    2.767429250046e-01                    9.690601228750e-01                    3.023816032822e-07                    
1.400000000000e+00                    -1.958991109125e+00                    3.385949946659e-01                    9.634501996875e-01                    3.353774836897e-07                    
1.450000000000e+00                    -1.951438434000e+00                    3.936737628424e-01                    9.639605771250e-01                    4.393230514973e-07                    
1.500000000000e+00                    -1.940401655875e+00                    4.527142745568e-01                    9.681607851875e-01                    6.133488724713e-07                    
1.550000000000e+00                    -1.929113328875e+00                    5.203503377523e-01                    9.496766805625e-01                    7.004638695682e-07                    
1.600000000000e+00                    -1.915679955000e+00                    5.807341175367e-01                    9.560392665625e-01                    6.105125184655e-07                    
1.650000000000e+00                    -1.903013718500e+00                    6.470689263623e-01                    9.483725919375e-01                    6.601600659997e-07                    
1.700000000000e+00                    -1.886900522250e+00                    7.734221719916e-01                    9.429602478750e-01                    6.620439262599e-07                    
1.750000000000e+00                    -1.869058235625e+00                    8.552164283862e-01                    9.384662566875e-01                    7.924009230421e-07                    
1.800000000000e+00                    -1.844847914375e+00                    9.704873830757e-01                    9.301772871250e-01                    8.442155456097e-07                    
1.850000000000e+00                    -1.823250419000e+00                    1.066123587441e+00                    9.221201528125e-01                    1.075103673932e-06                    
1.900000000000e+00                    -1.795055876375e+00                    1.197691480081e+00                    9.096961285625e-01                    1.093814646249e-06                    
1.950000000000e+00                    -1.764050037000e+00                    1.318377900972e+00                    8.966053375625e-01                    1.289841565140e-06                    
2.000000000000e+00                    -1.729937875625e+00                    1.480086410538e+00                    8.801959193125e-01                    1.516806284592e-06                    
2.050000000000e+00                    -1.688658075125e+00                    1.661221413553e+00                    8.595999235625e-01                    2.049932925074e-06                    
2.100000000000e+00                    -1.639388962625e+00                    1.821645281315e+00                    8.251845661250e-01                    2.331252065000e-06                    
2.150000000000e+00                    -1.584279779125e+00                    1.991802765659e+00                    7.917018629375e-01                    3.097762035342e-06                    
2.200000000000e+00                    -1.520927857750e+00                    2.110884092716e+00                    7.351384624375e-01                    3.658842080199e-06                    
2.250000000000e+00                    -1.448486997375e+00                    2.206312907021e+00                    6.756818210000e-01                    5.125977887832e-06                    
2.300000000000e+00                    -1.374684956375e+00                    2.191304501485e+00                    5.989495141875e-01                    5.915733791320e-06                    
2.350000000000e+00                    -1.298908950125e+00                    2.056879683290e+00                    5.216820798125e-01                    7.463966540462e-06                    
2.400000000000e+00                    -1.230216538125e+00                    1.915272827738e+00                    4.399342080625e-01                    8.703940186179e-06                    
2.450000000000e+00                    -1.170184005750e+00                    1.746907085376e+00                    3.717989938125e-01                    9.191090469205e-06                    
2.500000000000e+00                    -1.116181334500e+00                    1.615188314699e+00                    3.137606374375e-01                    9.271303163453e-06                    
2.550000000000e+00                    -1.070760539000e+00                    1.432168142405e+00                    2.770298594375e-01                    9.341824645360e-06                    
2.600000000000e+00                    -1.031690017375e+00                    1.312357111330e+00                    2.447216073125e-01                    8.842773825501e-06                    
2.650000000000e+00                    -9.973477135000e-01                    1.210079005356e+00                    2.201525948750e-01                    8.476819607858e-06                    
2.700000000000e+00                    -9.649409653750e-01                    1.126739681273e+00                    1.988376452500e-01                    7.740225078394e-06                    
2.750000000000e+00                    -9.352388623750e-01                    1.040546499838e+00                    1.832133722500e-01                    7.209959089905e-06                    
2.800000000000e+00                    -9.085988173750e-01                    9.785185900073e-01                    1.704312086250e-01                    6.609781487165e-06                    
2.850000000000e+00                    -8.831336041250e-01                    9.180688886093e-01                    1.612506491875e-01                    6.094042755113e-06                    
2.900000000000e+00                    -8.606208951250e-01                    8.645267373225e-01                    1.506833853125e-01                    5.531939441394e-06                    
2.950000000000e+00                    -8.385335787500e-01                    8.134128690594e-01                    1.433296247500e-01                    5.052354802768e-06                    
3.000000000000e+00                    -8.170927745000e-01                    7.730429048534e-01                    1.358579939375e-01                    4.709498096516e-06                    
3.050000000000e+00                    -7.986399238750e-01                    7.259111262673e-01                    1.306621893750e-01                    4.435637651376e-06                    
3.100000000000e+00                    -7.797205671250e-01                    6.919157170049e-01                    1.264834380000e-01                    4.065155535527e-06                    
3.150000000000e+00                    -7.619541500000e-01                    6.620311079708e-01                    1.210008222500e-01                    3.695874824420e-06                    
3.200000000000e+00                    -7.453223978750e-01                    6.294365288546e-01                    1.172876378750e-01                    3.470973878035e-06                    
3.250000000000e+00                    -7.297774431250e-01                    6.031775432621e-01                    1.126926206875e-01                    3.294195465899e-06                    
3.300000000000e+00                    -7.146038350000e-01                    5.707240501935e-01                    1.097335070000e-01                    3.081667629261e-06                    
3.350000000000e+00                    -6.995595407500e-01                    5.447265060088e-01                    1.067658818125e-01                    2.867423587323e-06                    
3.400000000000e+00                    -6.853320565000e-01                    5.235577599356e-01                    1.040266886250e-01                    2.696507139466e-06                    
3.450000000000e+00                    -6.732449360000e-01                    5.015691296124e-01                    1.011315124375e-01                    2.583657485503e-06                    
3.500000000000e+00                    -6.601980560000e-01                    4.855854458962e-01                    9.899066637500e-02                    2.440849042438e-06                    
3.550000000000e+00                    -6.480884225000e-01                    4.634810299374e-01                    9.709573975000e-02                    2.329736692144e-06                    
3.600000000000e+00                    -6.359501397500e-01                    4.450956850733e-01                    9.489961787500e-02                    2.228962692263e-06                    
3.650000000000e+00                    -6.252122503750e-01                    4.307362419641e-01                    9.301010693750e-02                    2.088142075283e-06                    
3.700000000000e+00                    -6.144771710000e-01                    4.140126837424e-01                    9.114278112500e-02                    2.021311228994e-06                    
3.750000000000e+00                    -6.041314911250e-01                    3.999225437086e-01                    8.931516687500e-02                    1.889031951363e-06                    
3.800000000000e+00                    -5.942606426250e-01                    3.856869845952e-01                    8.834684412500e-02                    1.831351461316e-06                    
3.850000000000e+00                    -5.848025696250e-01                    3.710181975493e-01                    8.672989762500e-02                    1.757999561611e-06                    
3.900000000000e+00                    -5.749241970000e-01                    3.590448009099e-01                    8.508039456250e-02                    1.689818281044e-06                    
3.950000000000e+00                    -5.661119408750e-01                    3.487580364349e-01                    8.389531381250e-02                    1.622179491816e-06                    
4.000000000000e+00                    -5.572087585000e-01                    3.358975814953e-01                    8.303308918750e-02                    1.552055353062e-06                    
4.050000000000e+00                    -5.490276741250e-01                    3.249660494344e-01                    8.115664900000e-02                    1.498699693054e-06                    
4.100000000000e+00                    -5.405819635000e-01                    3.157791735739e-01                    8.054260200000e-02                    1.445020668038e-06                    
4.150000000000e+00                    -5.326224333750e-01                    3.067998849091e-01                    7.886513387500e-02                    1.401104467909e-06                    
4.200000000000e+00                    -5.255279701250e-01                    2.957108539872e-01                    7.845846068750e-02                    1.342769552149e-06                    
4.250000000000e+00                    -5.176370688750e-01                    2.877635657925e-01                    7.763334100000e-02                    1.305809873087e-06                    
4.300000000000e+00                    -5.103704043750e-01                    2.793792763282e-01                    7.664600656250e-02                    1.270794340118e-06                    
4.350000000000e+00                    -5.033906603750e-01                    2.707807108919e-01                    7.594629337500e-02                    1.226453229449e-06                    
4.400000000000e+00                    -4.963916425000e-01                    2.636936113867e-01                    7.518874350000e-02                    1.175205602077e-06                    
4.450000000000e+00                    -4.903166166250e-01                    2.565893506190e-01                    7.415287793750e-02                    1.146097061664e-06                    
4.500000000000e+00                    -4.837577063750e-01                    2.488161483960e-01                    7.323700812500e-02                    1.109184523735e-06                    
4.550000000000e+00                    -4.772124405000e-01                    2.413841376855e-01                    7.285470562500e-02                    1.091015857418e-06                    
4.600000000000e+00                    -4.715564046250e-01                    2.364792162883e-01                    7.171819743750e-02                    1.056710408766e-06                    
4.650000000000e+00                    -4.654242565000e-01                    2.295523740998e-01                    7.148983693750e-02                    1.027207341758e-06                    
4.700000000000e+00                    -4.598250990000e-01                    2.235784402525e-01                    7.056812525000e-02                    9.976864344279e-07                    
4.750000000000e+00                    -4.544544648750e-01                    2.184682292890e-01                    7.012829200000e-02                    9.661001332784e-07                    
4.800000000000e+00                    -4.487611137500e-01                    2.126059973608e-01                    6.961197425000e-02                    9.504351507755e-07                    
4.850000000000e+00                    -4.433117921250e-01                    2.061617696934e-01                    6.907256643750e-02                    9.242157333262e-07                    
4.900000000000e+00                    -4.380646057500e-01                    2.024860337984e-01                    6.853046637500e-02                    9.008445478647e-07                    
4.950000000000e+00                    -4.330063662500e-01                    1.980328041797e-01                    6.795881393750e-02                    8.844646105683e-07                    
5.000000000000e+00                    -4.282464265000e-01                    1.925960283055e-01                    6.743437037500e-02                    8.561257676272e-07                    
5.050000000000e+00                    -4.230354778750e-01                    1.881054338721e-01                    6.710328843750e-02                    8.383524015866e-07                    
5.100000000000e+00                    -4.185535350000e-01                    1.843975893532e-01                    6.685383443750e-02                    8.233200728610e-07                    
5.150000000000e+00                    -4.143567566250e-01                    1.800473217787e-01                    6.619642975000e-02                    7.973061141488e-07                    
5.200000000000e+00                    -4.100078571250e-01                    1.758638859426e-01                    6.568033287500e-02                    7.861667563725e-07                    
5.250000000000e+00                    -4.052055366250e-01                    1.719501715076e-01                    6.530129600000e-02                    7.686037621286e-07                    
5.300000000000e+00                    -4.011729812500e-01                    1.680395265522e-01                    6.498320006250e-02                    7.484315913853e-07                    
5.350000000000e+00                    -3.970039303750e-01                    1.639943134675e-01                    6.447012662500e-02                    7.351119600312e-07                    
5.400000000000e+00                    -3.925954887500e-01                    1.604210069457e-01                    6.408475443750e-02                    7.192683232116e-07                    
5.450000000000e+00                    -3.888853426250e-01                    1.575750970839e-01                    6.404139368750e-02                    7.049389246165e-07                    
5.500000000000e+00                    -3.848221883750e-01                    1.544653507083e-01                    6.340033400000e-02                    6.921516215397e-07                    
5.550000000000e+00                    -3.806393678750e-01                    1.506381853497e-01                    6.321306850000e-02                    6.756142753486e-07                    
5.600000000000e+00                    -3.770721995000e-01                    1.481721443904e-01                    6.281865856250e-02                    6.705263911955e-07                    
5.650000000000e+00                    -3.730681771250e-01                    1.444886983219e-01                    6.233868006250e-02                    6.527585846503e-07                    
5.700000000000e+00                    -3.694892583750e-01                    1.418389471773e-01                    6.204408887500e-02                    6.378163106248e-07                    
5.750000000000e+00                    -3.660913386250e-01                    1.390256007242e-01                    6.165625100000e-02                    6.304952107747e-07                    
5.800000000000e+00                    -3.626817275000e-01                    1.361753981784e-01                    6.143671581250e-02                    6.184786910777e-07                    
5.850000000000e+00                    -3.593164607500e-01                    1.335986237442e-01                    6.123618912500e-02                    6.070216350747e-07                    
5.900000000000e+00                    -3.560089315000e-01                    1.308693026544e-01                    6.083532668750e-02                    5.961361682264e-07                    
5.950000000000e+00                    -3.528071136250e-01                    1.286151551013e-01                    6.070828375000e-02                    5.882918524208e-07                    
6.000000000000e+00                    -3.492350067500e-01                    1.261409498381e-01                    6.044351962500e-02                    5.743314777482e-07                    
